0 0 0 0 0 0 0 0 0 0 0 0 
0 0 0 0 0 0 0 0 0 0 0 0 
0 0 0 0 0 0 0 0 0 0 0 0 
0 0 0 0 0 0 0 0 0 0 0 0 
0 0 0 0 0 0 0 0 0 0 0 0 
0 0 0 0 0 0 0 0 0 0 0 0 
0 0 0 0 0 0 0 0 0 0 0 0 
0 0 0 0 0 0 0 0 0 0 0 0 
0 0 0 0 0 0 0 0 0 0 0 0 
0 0 0 0 0 0 0 0 0 0 0 0 
0 0 0 0 0 0 0 0 0 0 0 0 
0 0 0 0 0 0 0 0 0 0 0 0 
0 0 0 0 0 0 0 0 1 0 1 1 
0 0 0 0 0 0 0 0 1 1 1 0 
0 0 0 0 0 0 0 0 1 1 1 0 
0 0 0 0 0 0 0 0 1 1 1 0 
0 0 0 0 0 0 0 0 1 1 1 0 
0 0 0 0 0 0 0 0 1 1 1 0 
0 0 0 0 0 0 0 0 1 1 1 0 
0 0 0 0 0 0 0 0 1 1 1 0 
0 0 0 0 0 0 0 0 2 1 7 1 
0 0 0 0 0 0 0 0 2 2 7 0 
0 0 0 0 0 0 0 0 2 2 7 0 
0 0 0 0 0 0 0 0 2 2 7 0 
0 0 0 0 0 0 0 0 2 2 7 0 
0 0 0 0 0 0 0 0 2 2 7 0 
0 0 0 0 0 0 0 0 2 2 7 0 
0 0 0 0 0 0 0 0 2 2 7 0 
0 0 0 0 0 0 0 0 2 2 7 0 
0 0 0 0 0 0 0 0 2 2 7 0 
0 0 0 0 0 0 0 0 2 2 7 0 
0 0 0 0 0 0 0 0 2 2 7 0 
0 0 0 0 0 0 0 0 2 2 7 0 
0 0 0 0 0 0 0 0 2 2 7 0 
0 0 0 0 0 0 0 0 3 2 14 1 
0 0 0 0 0 0 0 0 3 3 14 0 
0 0 0 0 0 0 0 0 3 3 14 0 
0 0 0 0 0 0 0 0 3 3 14 0 
0 0 0 0 0 0 0 0 3 3 14 0 
0 0 0 0 0 0 0 0 3 3 14 0 
0 0 0 0 0 0 0 0 4 3 16 1 
0 0 0 0 0 0 0 0 4 4 16 0 
0 0 0 0 0 0 0 0 4 4 16 0 
0 0 0 0 0 0 0 0 4 4 16 0 
0 0 0 0 0 0 0 0 4 4 16 0 
0 0 0 0 0 0 0 0 4 4 16 0 
0 0 0 0 0 0 0 0 4 4 16 0 
0 0 0 0 0 0 0 0 4 4 16 0 
0 0 0 0 0 0 0 0 4 4 16 0 
0 0 0 0 0 0 0 0 4 4 16 0 
0 0 0 0 0 0 0 0 4 4 16 0 
0 0 0 0 0 0 0 0 5 4 19 1 
0 0 0 0 0 0 0 0 5 5 19 0 
0 0 0 0 0 0 0 0 5 5 19 0 
0 0 0 0 0 0 0 0 5 5 19 0 
0 0 0 0 0 0 0 0 5 5 19 0 
0 0 0 0 0 0 0 0 5 5 19 0 
0 0 0 0 0 0 0 0 5 5 19 0 
0 0 0 0 0 0 0 0 5 5 19 0 
0 0 0 0 0 0 0 0 5 5 19 0 
0 0 0 0 0 0 0 0 5 5 19 0 
0 0 0 0 0 0 0 0 5 5 19 0 
0 0 0 0 0 0 0 0 5 5 19 0 
0 0 0 0 0 0 0 0 5 5 19 0 
0 0 0 0 0 0 0 0 5 5 19 0 
0 0 0 0 0 0 0 0 5 5 19 0 
0 0 0 0 0 0 0 0 5 5 19 0 
0 0 0 0 0 0 0 0 5 5 19 0 
0 0 0 0 0 0 0 0 5 5 19 0 
0 0 0 0 0 0 0 0 6 5 28 1 
0 0 0 0 0 0 0 0 6 6 28 0 
0 0 0 0 0 0 0 0 6 6 28 0 
0 0 0 0 0 0 0 0 6 6 28 0 
0 0 0 0 0 0 0 0 6 6 28 0 
0 0 0 0 0 0 0 0 6 6 28 0 
0 0 0 0 0 0 0 0 6 6 28 0 
0 0 0 0 0 0 0 0 6 6 28 0 
0 0 0 0 0 0 0 0 6 6 28 0 
0 0 0 0 0 0 0 0 7 6 34 1 
0 0 0 0 0 0 0 0 7 7 34 0 
0 0 0 0 0 0 0 0 7 7 34 0 
0 0 0 0 0 0 0 0 7 7 34 0 
0 0 0 0 0 0 0 0 7 7 34 0 
0 0 0 0 0 0 0 0 7 7 34 0 
0 0 0 0 0 0 0 0 8 7 40 1 
0 0 0 0 0 0 0 0 8 8 40 0 
0 0 0 0 0 0 0 0 8 8 40 0 
0 0 0 0 0 0 0 0 8 8 40 0 
0 0 0 0 0 0 0 0 8 8 40 0 
0 0 0 0 0 0 0 0 8 8 40 0 
0 0 0 0 0 0 0 0 8 8 40 0 
0 0 0 0 0 0 0 0 8 8 40 0 
0 0 0 0 0 0 0 0 8 8 40 0 
0 0 0 0 0 0 0 0 8 8 40 0 
0 0 0 0 0 0 0 0 8 8 40 0 
0 0 0 0 0 0 0 0 9 8 41 1 
0 0 0 0 0 0 0 0 9 9 41 0 
0 0 0 0 0 0 0 0 9 9 41 0 
0 0 0 0 0 0 0 0 9 9 41 0 
0 0 0 0 0 0 0 0 9 9 41 0 
0 0 0 0 0 0 0 0 9 9 41 0 
0 0 0 0 0 0 0 0 9 9 41 0 
0 0 0 0 0 0 0 0 9 9 41 0 
0 0 0 0 0 0 0 0 9 9 41 0 
0 0 0 0 0 0 0 0 10 9 42 1 
0 0 0 0 0 0 0 0 10 10 42 0 
0 0 0 0 0 0 0 0 10 10 42 0 
0 0 0 0 0 0 0 0 10 10 42 0 
0 0 0 0 0 0 0 0 10 10 42 0 
0 0 0 0 0 0 0 0 10 10 42 0 
1 0 1 1 0 0 0 0 11 10 44 1 
1 1 1 0 0 0 0 0 11 11 44 0 
1 1 1 0 0 0 0 0 11 11 44 0 
1 1 1 0 0 0 0 0 11 11 44 0 
1 1 1 0 0 0 0 0 11 11 44 0 
1 1 1 0 0 0 0 0 12 11 45 1 
1 1 1 0 0 0 0 0 12 12 45 0 
1 1 1 0 0 0 0 0 12 12 45 0 
1 1 1 0 0 0 0 0 12 12 45 0 
1 1 1 0 0 0 0 0 12 12 45 0 
1 1 1 0 0 0 0 0 12 12 45 0 
1 1 1 0 0 0 0 0 12 12 45 0 
1 1 1 0 0 0 0 0 12 12 45 0 
1 1 1 0 0 0 0 0 12 12 45 0 
1 1 1 0 0 0 0 0 12 12 45 0 
1 1 1 0 0 0 0 0 12 12 45 0 
1 1 1 0 0 0 0 0 12 12 45 0 
1 1 1 0 0 0 0 0 13 12 52 1 
1 1 1 0 0 0 0 0 13 13 52 0 
1 1 1 0 0 0 0 0 13 13 52 0 
1 1 1 0 0 0 0 0 13 13 52 0 
1 1 1 0 0 0 0 0 13 13 52 0 
1 1 1 0 0 0 0 0 13 13 52 0 
1 1 1 0 0 0 0 0 13 13 52 0 
1 1 1 0 0 0 0 0 13 13 52 0 
1 1 1 0 0 0 0 0 13 13 52 0 
1 1 1 0 0 0 0 0 14 13 53 1 
1 1 1 0 0 0 0 0 14 14 53 0 
1 1 1 0 0 0 0 0 14 14 53 0 
1 1 1 0 0 0 0 0 14 14 53 0 
1 1 1 0 0 0 0 0 14 14 53 0 
1 1 1 0 0 0 0 0 14 14 53 0 
1 1 1 0 0 0 0 0 14 14 53 0 
1 1 1 0 0 0 0 0 14 14 53 0 
1 1 1 0 0 0 0 0 14 14 53 0 
1 1 1 0 0 0 0 0 14 14 53 0 
1 1 1 0 0 0 0 0 14 14 53 0 
1 1 1 0 0 0 0 0 14 14 53 0 
1 1 1 0 0 0 0 0 14 14 53 0 
1 1 1 0 0 0 0 0 14 14 53 0 
1 1 1 0 0 0 0 0 14 14 53 0 
1 1 1 0 0 0 0 0 15 14 55 1 
1 1 1 0 0 0 0 0 15 15 55 0 
1 1 1 0 0 0 0 0 15 15 55 0 
1 1 1 0 0 0 0 0 15 15 55 0 
1 1 1 0 0 0 0 0 15 15 55 0 
1 1 1 0 0 0 0 0 15 15 55 0 
1 1 1 0 0 0 0 0 15 15 55 0 
1 1 1 0 0 0 0 0 15 15 55 0 
1 1 1 0 0 0 0 0 15 15 55 0 
1 1 1 0 0 0 0 0 15 15 55 0 
1 1 1 0 0 0 0 0 15 15 55 0 
1 1 1 0 0 0 0 0 16 15 59 1 
1 1 1 0 0 0 0 0 16 16 59 0 
1 1 1 0 0 0 0 0 16 16 59 0 
1 1 1 0 0 0 0 0 16 16 59 0 
1 1 1 0 0 0 0 0 16 16 59 0 
1 1 1 0 0 0 0 0 16 16 59 0 
1 1 1 0 0 0 0 0 16 16 59 0 
1 1 1 0 0 0 0 0 17 16 60 1 
1 1 1 0 0 0 0 0 17 17 60 0 
1 1 1 0 0 0 0 0 17 17 60 0 
1 1 1 0 0 0 0 0 17 17 60 0 
1 1 1 0 0 0 0 0 17 17 60 0 
1 1 1 0 0 0 0 0 17 17 60 0 
1 1 1 0 0 0 0 0 17 17 60 0 
1 1 1 0 0 0 0 0 18 17 61 1 
1 1 1 0 0 0 0 0 18 18 61 0 
1 1 1 0 0 0 0 0 18 18 61 0 
1 1 1 0 0 0 0 0 18 18 61 0 
1 1 1 0 0 0 0 0 18 18 61 0 
1 1 1 0 0 0 0 0 18 18 61 0 
1 1 1 0 0 0 0 0 18 18 61 0 
1 1 1 0 0 0 0 0 18 18 61 0 
1 1 1 0 0 0 0 0 19 18 64 1 
1 1 1 0 0 0 0 0 19 19 64 0 
1 1 1 0 0 0 0 0 19 19 64 0 
1 1 1 0 0 0 0 0 19 19 64 0 
1 1 1 0 0 0 0 0 20 19 65 1 
1 1 1 0 0 0 0 0 20 20 65 0 
1 1 1 0 0 0 0 0 20 20 65 0 
1 1 1 0 0 0 0 0 20 20 65 0 
1 1 1 0 0 0 0 0 20 20 65 0 
1 1 1 0 0 0 0 0 21 20 68 1 
1 1 1 0 0 0 0 0 21 21 68 0 
1 1 1 0 0 0 0 0 21 21 68 0 
1 1 1 0 0 0 0 0 21 21 68 0 
1 1 1 0 0 0 0 0 21 21 68 0 
1 1 1 0 0 0 0 0 21 21 68 0 
1 1 1 0 0 0 0 0 21 21 68 0 
1 1 1 0 0 0 0 0 21 21 68 0 
1 1 1 0 0 0 0 0 21 21 68 0 
1 1 1 0 0 0 0 0 21 21 68 0 
1 1 1 0 0 0 0 0 21 21 68 0 
1 1 1 0 0 0 0 0 21 21 68 0 
1 1 1 0 0 0 0 0 21 21 68 0 
1 1 1 0 0 0 0 0 22 21 69 1 
1 1 1 0 0 0 0 0 22 22 69 0 
1 1 1 0 0 0 0 0 22 22 69 0 
1 1 1 0 0 0 0 0 22 22 69 0 
1 1 1 0 0 0 0 0 22 22 69 0 
1 1 1 0 0 0 0 0 22 22 69 0 
1 1 1 0 0 0 0 0 22 22 69 0 
1 1 1 0 0 0 0 0 22 22 69 0 
1 1 1 0 0 0 0 0 22 22 69 0 
2 1 3 1 0 0 0 0 22 22 69 0 
2 2 3 0 0 0 0 0 22 22 69 0 
2 2 3 0 0 0 0 0 22 22 69 0 
2 2 3 0 0 0 0 0 23 22 70 1 
2 2 3 0 0 0 0 0 23 23 70 0 
2 2 3 0 0 0 0 0 23 23 70 0 
2 2 3 0 0 0 0 0 23 23 70 0 
2 2 3 0 0 0 0 0 23 23 70 0 
2 2 3 0 0 0 0 0 23 23 70 0 
2 2 3 0 0 0 0 0 23 23 70 0 
2 2 3 0 0 0 0 0 23 23 70 0 
2 2 3 0 0 0 0 0 23 23 70 0 
2 2 3 0 0 0 0 0 23 23 70 0 
2 2 3 0 0 0 0 0 23 23 70 0 
2 2 3 0 0 0 0 0 23 23 70 0 
2 2 3 0 0 0 0 0 23 23 70 0 
2 2 3 0 0 0 0 0 23 23 70 0 
2 2 3 0 0 0 0 0 23 23 70 0 
2 2 3 0 0 0 0 0 23 23 70 0 
2 2 3 0 0 0 0 0 24 23 73 1 
2 2 3 0 0 0 0 0 24 24 73 0 
2 2 3 0 0 0 0 0 24 24 73 0 
2 2 3 0 0 0 0 0 24 24 73 0 
2 2 3 0 0 0 0 0 24 24 73 0 
2 2 3 0 0 0 0 0 24 24 73 0 
2 2 3 0 0 0 0 0 24 24 73 0 
2 2 3 0 0 0 0 0 24 24 73 0 
2 2 3 0 0 0 0 0 24 24 73 0 
2 2 3 0 0 0 0 0 24 24 73 0 
2 2 3 0 0 0 0 0 24 24 73 0 
2 2 3 0 0 0 0 0 24 24 73 0 
2 2 3 0 0 0 0 0 24 24 73 0 
2 2 3 0 0 0 0 0 24 24 73 0 
2 2 3 0 0 0 0 0 24 24 73 0 
2 2 3 0 0 0 0 0 25 24 75 1 
2 2 3 0 0 0 0 0 25 25 75 0 
2 2 3 0 0 0 0 0 25 25 75 0 
2 2 3 0 0 0 0 0 25 25 75 0 
2 2 3 0 0 0 0 0 25 25 75 0 
2 2 3 0 0 0 0 0 25 25 75 0 
2 2 3 0 0 0 0 0 25 25 75 0 
2 2 3 0 0 0 0 0 25 25 75 0 
2 2 3 0 0 0 0 0 25 25 75 0 
2 2 3 0 0 0 0 0 25 25 75 0 
2 2 3 0 0 0 0 0 26 25 76 1 
2 2 3 0 0 0 0 0 26 26 76 0 
2 2 3 0 0 0 0 0 26 26 76 0 
2 2 3 0 0 0 0 0 26 26 76 0 
2 2 3 0 0 0 0 0 26 26 76 0 
2 2 3 0 0 0 0 0 26 26 76 0 
2 2 3 0 0 0 0 0 26 26 76 0 
2 2 3 0 0 0 0 0 26 26 76 0 
2 2 3 0 0 0 0 0 26 26 76 0 
2 2 3 0 0 0 0 0 26 26 76 0 
2 2 3 0 0 0 0 0 26 26 76 0 
2 2 3 0 0 0 0 0 26 26 76 0 
2 2 3 0 0 0 0 0 26 26 76 0 
2 2 3 0 0 0 0 0 27 26 82 1 
2 2 3 0 0 0 0 0 27 27 82 0 
2 2 3 0 0 0 0 0 27 27 82 0 
2 2 3 0 0 0 0 0 27 27 82 0 
2 2 3 0 0 0 0 0 27 27 82 0 
2 2 3 0 0 0 0 0 27 27 82 0 
2 2 3 0 0 0 0 0 27 27 82 0 
2 2 3 0 0 0 0 0 27 27 82 0 
2 2 3 0 0 0 0 0 28 27 83 1 
2 2 3 0 0 0 0 0 28 28 83 0 
2 2 3 0 0 0 0 0 28 28 83 0 
2 2 3 0 0 0 0 0 28 28 83 0 
2 2 3 0 0 0 0 0 28 28 83 0 
2 2 3 0 0 0 0 0 28 28 83 0 
2 2 3 0 0 0 0 0 28 28 83 0 
2 2 3 0 0 0 0 0 28 28 83 0 
2 2 3 0 0 0 0 0 28 28 83 0 
2 2 3 0 0 0 0 0 28 28 83 0 
2 2 3 0 0 0 0 0 28 28 83 0 
2 2 3 0 0 0 0 0 28 28 83 0 
2 2 3 0 0 0 0 0 28 28 83 0 
2 2 3 0 0 0 0 0 29 28 90 1 
2 2 3 0 0 0 0 0 29 29 90 0 
2 2 3 0 0 0 0 0 29 29 90 0 
2 2 3 0 0 0 0 0 29 29 90 0 
2 2 3 0 0 0 0 0 29 29 90 0 
2 2 3 0 0 0 0 0 29 29 90 0 
2 2 3 0 0 0 0 0 29 29 90 0 
2 2 3 0 0 0 0 0 29 29 90 0 
2 2 3 0 0 0 0 0 29 29 90 0 
2 2 3 0 0 0 0 0 29 29 90 0 
2 2 3 0 0 0 0 0 29 29 90 0 
2 2 3 0 0 0 0 0 29 29 90 0 
2 2 3 0 0 0 0 0 29 29 90 0 
2 2 3 0 0 0 0 0 30 29 93 1 
2 2 3 0 0 0 0 0 30 30 93 0 
2 2 3 0 0 0 0 0 30 30 93 0 
2 2 3 0 0 0 0 0 30 30 93 0 
2 2 3 0 0 0 0 0 30 30 93 0 
2 2 3 0 0 0 0 0 30 30 93 0 
2 2 3 0 0 0 0 0 30 30 93 0 
2 2 3 0 0 0 0 0 30 30 93 0 
2 2 3 0 0 0 0 0 30 30 93 0 
2 2 3 0 0 0 0 0 30 30 93 0 
2 2 3 0 0 0 0 0 30 30 93 0 
2 2 3 0 0 0 0 0 30 30 93 0 
2 2 3 0 0 0 0 0 30 30 93 0 
2 2 3 0 0 0 0 0 30 30 93 0 
2 2 3 0 0 0 0 0 30 30 93 0 
2 2 3 0 0 0 0 0 30 30 93 0 
3 2 4 1 0 0 0 0 31 30 94 1 
3 3 4 0 0 0 0 0 31 31 94 0 
3 3 4 0 0 0 0 0 31 31 94 0 
3 3 4 0 0 0 0 0 31 31 94 0 
3 3 4 0 0 0 0 0 31 31 94 0 
3 3 4 0 0 0 0 0 31 31 94 0 
3 3 4 0 0 0 0 0 31 31 94 0 
3 3 4 0 0 0 0 0 31 31 94 0 
3 3 4 0 0 0 0 0 31 31 94 0 
3 3 4 0 0 0 0 0 31 31 94 0 
3 3 4 0 0 0 0 0 31 31 94 0 
3 3 4 0 0 0 0 0 31 31 94 0 
3 3 4 0 0 0 0 0 31 31 94 0 
3 3 4 0 0 0 0 0 31 31 94 0 
3 3 4 0 0 0 0 0 31 31 94 0 
3 3 4 0 0 0 0 0 31 31 94 0 
3 3 4 0 0 0 0 0 31 31 94 0 
3 3 4 0 0 0 0 0 31 31 94 0 
3 3 4 0 0 0 0 0 31 31 94 0 
3 3 4 0 0 0 0 0 32 31 100 1 
3 3 4 0 0 0 0 0 32 32 100 0 
3 3 4 0 0 0 0 0 32 32 100 0 
3 3 4 0 0 0 0 0 32 32 100 0 
3 3 4 0 0 0 0 0 32 32 100 0 
3 3 4 0 0 0 0 0 32 32 100 0 
3 3 4 0 0 0 0 0 32 32 100 0 
3 3 4 0 0 0 0 0 32 32 100 0 
3 3 4 0 0 0 0 0 32 32 100 0 
3 3 4 0 0 0 0 0 32 32 100 0 
3 3 4 0 0 0 0 0 32 32 100 0 
3 3 4 0 0 0 0 0 32 32 100 0 
3 3 4 0 0 0 0 0 33 32 105 1 
3 3 4 0 0 0 0 0 33 33 105 0 
3 3 4 0 0 0 0 0 33 33 105 0 
3 3 4 0 0 0 0 0 33 33 105 0 
3 3 4 0 0 0 0 0 33 33 105 0 
3 3 4 0 0 0 0 0 33 33 105 0 
3 3 4 0 0 0 0 0 33 33 105 0 
3 3 4 0 0 0 0 0 33 33 105 0 
3 3 4 0 0 0 0 0 33 33 105 0 
3 3 4 0 0 0 0 0 33 33 105 0 
3 3 4 0 0 0 0 0 34 33 110 1 
3 3 4 0 0 0 0 0 34 34 110 0 
3 3 4 0 0 0 0 0 34 34 110 0 
3 3 4 0 0 0 0 0 34 34 110 0 
3 3 4 0 0 0 0 0 34 34 110 0 
3 3 4 0 0 0 0 0 34 34 110 0 
3 3 4 0 0 0 0 0 34 34 110 0 
3 3 4 0 0 0 0 0 34 34 110 0 
3 3 4 0 0 0 0 0 34 34 110 0 
3 3 4 0 0 0 0 0 34 34 110 0 
3 3 4 0 0 0 0 0 34 34 110 0 
3 3 4 0 0 0 0 0 34 34 110 0 
3 3 4 0 0 0 0 0 34 34 110 0 
3 3 4 0 0 0 0 0 34 34 110 0 
3 3 4 0 0 0 0 0 35 34 117 1 
3 3 4 0 0 0 0 0 35 35 117 0 
3 3 4 0 0 0 0 0 35 35 117 0 
3 3 4 0 0 0 0 0 35 35 117 0 
3 3 4 0 0 0 0 0 35 35 117 0 
3 3 4 0 0 0 0 0 35 35 117 0 
3 3 4 0 0 0 0 0 35 35 117 0 
3 3 4 0 0 0 0 0 35 35 117 0 
3 3 4 0 0 0 0 0 35 35 117 0 
3 3 4 0 0 0 0 0 35 35 117 0 
3 3 4 0 0 0 0 0 36 35 120 1 
3 3 4 0 0 0 0 0 36 36 120 0 
3 3 4 0 0 0 0 0 36 36 120 0 
3 3 4 0 0 0 0 0 36 36 120 0 
3 3 4 0 0 0 0 0 36 36 120 0 
3 3 4 0 0 0 0 0 36 36 120 0 
3 3 4 0 0 0 0 0 36 36 120 0 
3 3 4 0 0 0 0 0 36 36 120 0 
3 3 4 0 0 0 0 0 36 36 120 0 
3 3 4 0 0 0 0 0 36 36 120 0 
3 3 4 0 0 0 0 0 36 36 120 0 
3 3 4 0 0 0 0 0 36 36 120 0 
3 3 4 0 0 0 0 0 36 36 120 0 
3 3 4 0 0 0 0 0 36 36 120 0 
3 3 4 0 0 0 0 0 36 36 120 0 
3 3 4 0 0 0 0 0 37 36 123 1 
3 3 4 0 0 0 0 0 37 37 123 0 
3 3 4 0 0 0 0 0 37 37 123 0 
3 3 4 0 0 0 0 0 37 37 123 0 
3 3 4 0 0 0 0 0 37 37 123 0 
3 3 4 0 0 0 0 0 37 37 123 0 
3 3 4 0 0 0 0 0 37 37 123 0 
3 3 4 0 0 0 0 0 37 37 123 0 
3 3 4 0 0 0 0 0 37 37 123 0 
3 3 4 0 0 0 0 0 37 37 123 0 
3 3 4 0 0 0 0 0 37 37 123 0 
3 3 4 0 0 0 0 0 38 37 128 1 
3 3 4 0 0 0 0 0 38 38 128 0 
3 3 4 0 0 0 0 0 38 38 128 0 
3 3 4 0 0 0 0 0 38 38 128 0 
3 3 4 0 0 0 0 0 38 38 128 0 
3 3 4 0 0 0 0 0 38 38 128 0 
3 3 4 0 0 0 0 0 38 38 128 0 
3 3 4 0 0 0 0 0 38 38 128 0 
3 3 4 0 0 0 0 0 38 38 128 0 
3 3 4 0 0 0 0 0 38 38 128 0 
3 3 4 0 0 0 0 0 38 38 128 0 
3 3 4 0 0 0 0 0 38 38 128 0 
3 3 4 0 0 0 0 0 38 38 128 0 
3 3 4 0 0 0 0 0 38 38 128 0 
3 3 4 0 0 0 0 0 38 38 128 0 
3 3 4 0 0 0 0 0 38 38 128 0 
3 3 4 0 0 0 0 0 39 38 129 1 
3 3 4 0 0 0 0 0 39 39 129 0 
3 3 4 0 0 0 0 0 39 39 129 0 
3 3 4 0 0 0 0 0 39 39 129 0 
3 3 4 0 0 0 0 0 39 39 129 0 
3 3 4 0 0 0 0 0 39 39 129 0 
3 3 4 0 0 0 0 0 39 39 129 0 
3 3 4 0 0 0 0 0 39 39 129 0 
3 3 4 0 0 0 0 0 39 39 129 0 
3 3 4 0 0 0 0 0 39 39 129 0 
3 3 4 0 0 0 0 0 40 39 130 1 
3 3 4 0 0 0 0 0 40 40 130 0 
3 3 4 0 0 0 0 0 40 40 130 0 
3 3 4 0 0 0 0 0 40 40 130 0 
3 3 4 0 0 0 0 0 40 40 130 0 
3 3 4 0 0 0 0 0 40 40 130 0 
3 3 4 0 0 0 0 0 40 40 130 0 
3 3 4 0 0 0 0 0 40 40 130 0 
3 3 4 0 0 0 0 0 40 40 130 0 
3 3 4 0 0 0 0 0 40 40 130 0 
4 3 5 1 0 0 0 0 40 40 130 0 
4 4 5 0 0 0 0 0 41 40 134 1 
4 4 5 0 0 0 0 0 41 41 134 0 
4 4 5 0 0 0 0 0 41 41 134 0 
4 4 5 0 0 0 0 0 41 41 134 0 
4 4 5 0 0 0 0 0 41 41 134 0 
4 4 5 0 0 0 0 0 41 41 134 0 
4 4 5 0 0 0 0 0 41 41 134 0 
4 4 5 0 0 0 0 0 41 41 134 0 
4 4 5 0 0 0 0 0 41 41 134 0 
4 4 5 0 0 0 0 0 41 41 134 0 
4 4 5 0 0 0 0 0 41 41 134 0 
4 4 5 0 0 0 0 0 41 41 134 0 
4 4 5 0 0 0 0 0 41 41 134 0 
4 4 5 0 0 0 0 0 41 41 134 0 
4 4 5 0 0 0 0 0 41 41 134 0 
4 4 5 0 0 0 0 0 41 41 134 0 
4 4 5 0 0 0 0 0 42 41 135 1 
4 4 5 0 0 0 0 0 42 42 135 0 
4 4 5 0 0 0 0 0 42 42 135 0 
4 4 5 0 0 0 0 0 42 42 135 0 
4 4 5 0 0 0 0 0 42 42 135 0 
4 4 5 0 0 0 0 0 42 42 135 0 
4 4 5 0 0 0 0 0 42 42 135 0 
4 4 5 0 0 0 0 0 42 42 135 0 
4 4 5 0 0 0 0 0 42 42 135 0 
4 4 5 0 0 0 0 0 42 42 135 0 
4 4 5 0 0 0 0 0 42 42 135 0 
4 4 5 0 0 0 0 0 42 42 135 0 
4 4 5 0 0 0 0 0 42 42 135 0 
4 4 5 0 0 0 0 0 42 42 135 0 
4 4 5 0 0 0 0 0 42 42 135 0 
4 4 5 0 0 0 0 0 42 42 135 0 
4 4 5 0 0 0 0 0 42 42 135 0 
4 4 5 0 0 0 0 0 42 42 135 0 
4 4 5 0 0 0 0 0 42 42 135 0 
4 4 5 0 0 0 0 0 42 42 135 0 
4 4 5 0 0 0 0 0 43 42 139 1 
4 4 5 0 0 0 0 0 43 43 139 0 
4 4 5 0 0 0 0 0 43 43 139 0 
4 4 5 0 0 0 0 0 43 43 139 0 
4 4 5 0 0 0 0 0 43 43 139 0 
4 4 5 0 0 0 0 0 43 43 139 0 
4 4 5 0 0 0 0 0 43 43 139 0 
4 4 5 0 0 0 0 0 43 43 139 0 
4 4 5 0 0 0 0 0 43 43 139 0 
4 4 5 0 0 0 0 0 43 43 139 0 
4 4 5 0 0 0 0 0 43 43 139 0 
4 4 5 0 0 0 0 0 43 43 139 0 
4 4 5 0 0 0 0 0 43 43 139 0 
4 4 5 0 0 0 0 0 44 43 141 1 
4 4 5 0 0 0 0 0 44 44 141 0 
4 4 5 0 0 0 0 0 44 44 141 0 
4 4 5 0 0 0 0 0 44 44 141 0 
4 4 5 0 0 0 0 0 44 44 141 0 
4 4 5 0 0 0 0 0 44 44 141 0 
4 4 5 0 0 0 0 0 44 44 141 0 
4 4 5 0 0 0 0 0 45 44 145 1 
4 4 5 0 0 0 0 0 45 45 145 0 
4 4 5 0 0 0 0 0 45 45 145 0 
4 4 5 0 0 0 0 0 45 45 145 0 
4 4 5 0 0 0 0 0 45 45 145 0 
4 4 5 0 0 0 0 0 45 45 145 0 
4 4 5 0 0 0 0 0 45 45 145 0 
4 4 5 0 0 0 0 0 45 45 145 0 
4 4 5 0 0 0 0 0 45 45 145 0 
4 4 5 0 0 0 0 0 45 45 145 0 
4 4 5 0 0 0 0 0 46 45 146 1 
4 4 5 0 0 0 0 0 46 46 146 0 
4 4 5 0 0 0 0 0 46 46 146 0 
4 4 5 0 0 0 0 0 46 46 146 0 
4 4 5 0 1 0 1 1 46 46 146 0 
4 4 5 0 1 1 1 0 46 46 146 0 
4 4 5 0 1 1 1 0 46 46 146 0 
4 4 5 0 1 1 1 0 46 46 146 0 
4 4 5 0 1 1 1 0 46 46 146 0 
4 4 5 0 1 1 1 0 46 46 146 0 
4 4 5 0 1 1 1 0 46 46 146 0 
4 4 5 0 1 1 1 0 46 46 146 0 
4 4 5 0 1 1 1 0 46 46 146 0 
4 4 5 0 1 1 1 0 46 46 146 0 
4 4 5 0 1 1 1 0 46 46 146 0 
4 4 5 0 1 1 1 0 46 46 146 0 
4 4 5 0 1 1 1 0 46 46 146 0 
4 4 5 0 1 1 1 0 46 46 146 0 
4 4 5 0 1 1 1 0 47 46 154 1 
4 4 5 0 1 1 1 0 47 47 154 0 
4 4 5 0 1 1 1 0 47 47 154 0 
4 4 5 0 1 1 1 0 47 47 154 0 
4 4 5 0 1 1 1 0 47 47 154 0 
4 4 5 0 1 1 1 0 47 47 154 0 
4 4 5 0 1 1 1 0 47 47 154 0 
4 4 5 0 1 1 1 0 47 47 154 0 
4 4 5 0 1 1 1 0 47 47 154 0 
4 4 5 0 1 1 1 0 47 47 154 0 
4 4 5 0 1 1 1 0 47 47 154 0 
4 4 5 0 1 1 1 0 47 47 154 0 
4 4 5 0 1 1 1 0 47 47 154 0 
5 4 6 1 1 1 1 0 48 47 165 1 
5 5 6 0 1 1 1 0 48 48 165 0 
5 5 6 0 1 1 1 0 48 48 165 0 
5 5 6 0 1 1 1 0 48 48 165 0 
5 5 6 0 1 1 1 0 48 48 165 0 
5 5 6 0 1 1 1 0 48 48 165 0 
5 5 6 0 1 1 1 0 48 48 165 0 
5 5 6 0 1 1 1 0 48 48 165 0 
5 5 6 0 1 1 1 0 48 48 165 0 
5 5 6 0 1 1 1 0 48 48 165 0 
5 5 6 0 1 1 1 0 48 48 165 0 
5 5 6 0 1 1 1 0 49 48 166 1 
5 5 6 0 1 1 1 0 49 49 166 0 
5 5 6 0 1 1 1 0 49 49 166 0 
5 5 6 0 1 1 1 0 49 49 166 0 
5 5 6 0 1 1 1 0 49 49 166 0 
5 5 6 0 1 1 1 0 49 49 166 0 
5 5 6 0 1 1 1 0 49 49 166 0 
5 5 6 0 1 1 1 0 49 49 166 0 
5 5 6 0 1 1 1 0 49 49 166 0 
5 5 6 0 1 1 1 0 49 49 166 0 
5 5 6 0 1 1 1 0 49 49 166 0 
5 5 6 0 1 1 1 0 49 49 166 0 
5 5 6 0 1 1 1 0 49 49 166 0 
5 5 6 0 1 1 1 0 49 49 166 0 
5 5 6 0 1 1 1 0 49 49 166 0 
5 5 6 0 1 1 1 0 49 49 166 0 
5 5 6 0 1 1 1 0 49 49 166 0 
5 5 6 0 1 1 1 0 50 49 169 1 
5 5 6 0 1 1 1 0 50 50 169 0 
5 5 6 0 1 1 1 0 50 50 169 0 
5 5 6 0 1 1 1 0 50 50 169 0 
5 5 6 0 1 1 1 0 50 50 169 0 
5 5 6 0 1 1 1 0 50 50 169 0 
5 5 6 0 1 1 1 0 50 50 169 0 
5 5 6 0 1 1 1 0 50 50 169 0 
5 5 6 0 1 1 1 0 50 50 169 0 
5 5 6 0 1 1 1 0 50 50 169 0 
5 5 6 0 1 1 1 0 50 50 169 0 
5 5 6 0 1 1 1 0 50 50 169 0 
5 5 6 0 1 1 1 0 50 50 169 0 
5 5 6 0 1 1 1 0 50 50 169 0 
5 5 6 0 1 1 1 0 51 50 171 1 
5 5 6 0 1 1 1 0 51 51 171 0 
5 5 6 0 1 1 1 0 51 51 171 0 
5 5 6 0 1 1 1 0 51 51 171 0 
5 5 6 0 1 1 1 0 51 51 171 0 
5 5 6 0 1 1 1 0 51 51 171 0 
5 5 6 0 1 1 1 0 51 51 171 0 
5 5 6 0 1 1 1 0 51 51 171 0 
5 5 6 0 1 1 1 0 51 51 171 0 
5 5 6 0 1 1 1 0 51 51 171 0 
5 5 6 0 1 1 1 0 52 51 175 1 
5 5 6 0 1 1 1 0 52 52 175 0 
5 5 6 0 1 1 1 0 52 52 175 0 
5 5 6 0 1 1 1 0 52 52 175 0 
5 5 6 0 1 1 1 0 52 52 175 0 
5 5 6 0 1 1 1 0 52 52 175 0 
5 5 6 0 1 1 1 0 52 52 175 0 
5 5 6 0 1 1 1 0 52 52 175 0 
5 5 6 0 1 1 1 0 52 52 175 0 
5 5 6 0 1 1 1 0 52 52 175 0 
5 5 6 0 1 1 1 0 52 52 175 0 
5 5 6 0 1 1 1 0 53 52 181 1 
5 5 6 0 1 1 1 0 53 53 181 0 
5 5 6 0 1 1 1 0 53 53 181 0 
5 5 6 0 1 1 1 0 53 53 181 0 
5 5 6 0 1 1 1 0 53 53 181 0 
5 5 6 0 1 1 1 0 53 53 181 0 
5 5 6 0 1 1 1 0 53 53 181 0 
5 5 6 0 1 1 1 0 53 53 181 0 
5 5 6 0 1 1 1 0 53 53 181 0 
5 5 6 0 1 1 1 0 53 53 181 0 
5 5 6 0 1 1 1 0 53 53 181 0 
5 5 6 0 1 1 1 0 53 53 181 0 
5 5 6 0 1 1 1 0 53 53 181 0 
5 5 6 0 1 1 1 0 53 53 181 0 
5 5 6 0 1 1 1 0 54 53 183 1 
5 5 6 0 1 1 1 0 54 54 183 0 
5 5 6 0 1 1 1 0 54 54 183 0 
5 5 6 0 1 1 1 0 54 54 183 0 
5 5 6 0 1 1 1 0 54 54 183 0 
5 5 6 0 1 1 1 0 54 54 183 0 
5 5 6 0 1 1 1 0 54 54 183 0 
5 5 6 0 1 1 1 0 54 54 183 0 
5 5 6 0 1 1 1 0 54 54 183 0 
5 5 6 0 1 1 1 0 54 54 183 0 
5 5 6 0 1 1 1 0 54 54 183 0 
5 5 6 0 1 1 1 0 54 54 183 0 
5 5 6 0 1 1 1 0 54 54 183 0 
5 5 6 0 1 1 1 0 54 54 183 0 
5 5 6 0 1 1 1 0 54 54 183 0 
5 5 6 0 1 1 1 0 55 54 184 1 
5 5 6 0 1 1 1 0 55 55 184 0 
5 5 6 0 1 1 1 0 55 55 184 0 
5 5 6 0 1 1 1 0 55 55 184 0 
5 5 6 0 1 1 1 0 55 55 184 0 
5 5 6 0 1 1 1 0 55 55 184 0 
5 5 6 0 1 1 1 0 55 55 184 0 
5 5 6 0 1 1 1 0 55 55 184 0 
5 5 6 0 1 1 1 0 55 55 184 0 
5 5 6 0 1 1 1 0 55 55 184 0 
5 5 6 0 1 1 1 0 55 55 184 0 
5 5 6 0 1 1 1 0 55 55 184 0 
5 5 6 0 1 1 1 0 55 55 184 0 
5 5 6 0 1 1 1 0 55 55 184 0 
5 5 6 0 1 1 1 0 56 55 191 1 
5 5 6 0 1 1 1 0 56 56 191 0 
6 5 7 1 1 1 1 0 56 56 191 0 
6 6 7 0 1 1 1 0 56 56 191 0 
6 6 7 0 1 1 1 0 56 56 191 0 
6 6 7 0 1 1 1 0 56 56 191 0 
6 6 7 0 1 1 1 0 56 56 191 0 
6 6 7 0 1 1 1 0 56 56 191 0 
6 6 7 0 1 1 1 0 57 56 197 1 
6 6 7 0 1 1 1 0 57 57 197 0 
6 6 7 0 1 1 1 0 57 57 197 0 
6 6 7 0 1 1 1 0 57 57 197 0 
6 6 7 0 1 1 1 0 57 57 197 0 
6 6 7 0 1 1 1 0 57 57 197 0 
6 6 7 0 1 1 1 0 57 57 197 0 
6 6 7 0 1 1 1 0 57 57 197 0 
6 6 7 0 1 1 1 0 57 57 197 0 
6 6 7 0 1 1 1 0 57 57 197 0 
6 6 7 0 1 1 1 0 57 57 197 0 
6 6 7 0 1 1 1 0 57 57 197 0 
6 6 7 0 1 1 1 0 57 57 197 0 
6 6 7 0 1 1 1 0 57 57 197 0 
6 6 7 0 1 1 1 0 58 57 198 1 
6 6 7 0 1 1 1 0 58 58 198 0 
6 6 7 0 1 1 1 0 58 58 198 0 
6 6 7 0 1 1 1 0 58 58 198 0 
6 6 7 0 1 1 1 0 58 58 198 0 
6 6 7 0 1 1 1 0 58 58 198 0 
6 6 7 0 1 1 1 0 58 58 198 0 
6 6 7 0 1 1 1 0 58 58 198 0 
6 6 7 0 1 1 1 0 58 58 198 0 
6 6 7 0 1 1 1 0 59 58 203 1 
6 6 7 0 1 1 1 0 59 59 203 0 
6 6 7 0 1 1 1 0 59 59 203 0 
6 6 7 0 1 1 1 0 59 59 203 0 
6 6 7 0 1 1 1 0 59 59 203 0 
6 6 7 0 1 1 1 0 59 59 203 0 
6 6 7 0 1 1 1 0 59 59 203 0 
6 6 7 0 1 1 1 0 59 59 203 0 
6 6 7 0 1 1 1 0 59 59 203 0 
6 6 7 0 1 1 1 0 59 59 203 0 
6 6 7 0 1 1 1 0 59 59 203 0 
6 6 7 0 1 1 1 0 59 59 203 0 
6 6 7 0 1 1 1 0 59 59 203 0 
6 6 7 0 1 1 1 0 59 59 203 0 
6 6 7 0 1 1 1 0 59 59 203 0 
6 6 7 0 1 1 1 0 59 59 203 0 
6 6 7 0 1 1 1 0 60 59 205 1 
6 6 7 0 1 1 1 0 60 60 205 0 
6 6 7 0 1 1 1 0 60 60 205 0 
6 6 7 0 1 1 1 0 60 60 205 0 
6 6 7 0 1 1 1 0 60 60 205 0 
6 6 7 0 1 1 1 0 60 60 205 0 
6 6 7 0 1 1 1 0 60 60 205 0 
6 6 7 0 1 1 1 0 60 60 205 0 
6 6 7 0 1 1 1 0 60 60 205 0 
6 6 7 0 1 1 1 0 60 60 205 0 
6 6 7 0 1 1 1 0 61 60 207 1 
6 6 7 0 1 1 1 0 61 61 207 0 
6 6 7 0 1 1 1 0 61 61 207 0 
6 6 7 0 1 1 1 0 61 61 207 0 
6 6 7 0 1 1 1 0 61 61 207 0 
6 6 7 0 1 1 1 0 61 61 207 0 
6 6 7 0 1 1 1 0 61 61 207 0 
6 6 7 0 1 1 1 0 61 61 207 0 
6 6 7 0 1 1 1 0 62 61 208 1 
6 6 7 0 1 1 1 0 62 62 208 0 
6 6 7 0 1 1 1 0 62 62 208 0 
6 6 7 0 1 1 1 0 62 62 208 0 
6 6 7 0 1 1 1 0 62 62 208 0 
6 6 7 0 1 1 1 0 63 62 211 1 
6 6 7 0 1 1 1 0 63 63 211 0 
6 6 7 0 1 1 1 0 63 63 211 0 
6 6 7 0 1 1 1 0 63 63 211 0 
6 6 7 0 1 1 1 0 63 63 211 0 
6 6 7 0 1 1 1 0 63 63 211 0 
6 6 7 0 1 1 1 0 63 63 211 0 
6 6 7 0 1 1 1 0 63 63 211 0 
6 6 7 0 1 1 1 0 64 63 214 1 
6 6 7 0 1 1 1 0 64 64 214 0 
6 6 7 0 1 1 1 0 64 64 214 0 
6 6 7 0 1 1 1 0 64 64 214 0 
6 6 7 0 1 1 1 0 64 64 214 0 
6 6 7 0 1 1 1 0 64 64 214 0 
6 6 7 0 1 1 1 0 64 64 214 0 
6 6 7 0 1 1 1 0 64 64 214 0 
6 6 7 0 1 1 1 0 64 64 214 0 
6 6 7 0 1 1 1 0 64 64 214 0 
6 6 7 0 1 1 1 0 64 64 214 0 
6 6 7 0 1 1 1 0 64 64 214 0 
6 6 7 0 1 1 1 0 64 64 214 0 
6 6 7 0 1 1 1 0 64 64 214 0 
6 6 7 0 1 1 1 0 64 64 214 0 
6 6 7 0 1 1 1 0 64 64 214 0 
6 6 7 0 1 1 1 0 65 64 218 1 
6 6 7 0 1 1 1 0 65 65 218 0 
6 6 7 0 1 1 1 0 65 65 218 0 
6 6 7 0 1 1 1 0 65 65 218 0 
6 6 7 0 1 1 1 0 65 65 218 0 
6 6 7 0 1 1 1 0 65 65 218 0 
6 6 7 0 1 1 1 0 66 65 220 1 
6 6 7 0 1 1 1 0 66 66 220 0 
6 6 7 0 1 1 1 0 66 66 220 0 
6 6 7 0 1 1 1 0 66 66 220 0 
6 6 7 0 1 1 1 0 66 66 220 0 
6 6 7 0 1 1 1 0 66 66 220 0 
6 6 7 0 1 1 1 0 66 66 220 0 
6 6 7 0 1 1 1 0 67 66 221 1 
6 6 7 0 1 1 1 0 67 67 221 0 
6 6 7 0 1 1 1 0 67 67 221 0 
6 6 7 0 1 1 1 0 67 67 221 0 
7 6 8 1 1 1 1 0 67 67 221 0 
7 7 8 0 1 1 1 0 67 67 221 0 
7 7 8 0 1 1 1 0 67 67 221 0 
7 7 8 0 1 1 1 0 67 67 221 0 
7 7 8 0 1 1 1 0 67 67 221 0 
7 7 8 0 1 1 1 0 67 67 221 0 
7 7 8 0 1 1 1 0 67 67 221 0 
7 7 8 0 1 1 1 0 67 67 221 0 
7 7 8 0 1 1 1 0 68 67 223 1 
7 7 8 0 1 1 1 0 68 68 223 0 
7 7 8 0 1 1 1 0 68 68 223 0 
7 7 8 0 1 1 1 0 68 68 223 0 
7 7 8 0 1 1 1 0 68 68 223 0 
7 7 8 0 1 1 1 0 68 68 223 0 
7 7 8 0 1 1 1 0 68 68 223 0 
7 7 8 0 1 1 1 0 68 68 223 0 
7 7 8 0 1 1 1 0 68 68 223 0 
7 7 8 0 1 1 1 0 68 68 223 0 
7 7 8 0 1 1 1 0 68 68 223 0 
7 7 8 0 1 1 1 0 69 68 226 1 
7 7 8 0 1 1 1 0 69 69 226 0 
7 7 8 0 1 1 1 0 69 69 226 0 
7 7 8 0 1 1 1 0 69 69 226 0 
7 7 8 0 1 1 1 0 69 69 226 0 
7 7 8 0 1 1 1 0 69 69 226 0 
7 7 8 0 1 1 1 0 69 69 226 0 
7 7 8 0 1 1 1 0 69 69 226 0 
7 7 8 0 1 1 1 0 69 69 226 0 
7 7 8 0 1 1 1 0 69 69 226 0 
7 7 8 0 1 1 1 0 69 69 226 0 
7 7 8 0 1 1 1 0 69 69 226 0 
7 7 8 0 1 1 1 0 70 69 227 1 
7 7 8 0 1 1 1 0 70 70 227 0 
7 7 8 0 1 1 1 0 70 70 227 0 
7 7 8 0 1 1 1 0 70 70 227 0 
7 7 8 0 1 1 1 0 70 70 227 0 
7 7 8 0 1 1 1 0 70 70 227 0 
7 7 8 0 1 1 1 0 70 70 227 0 
7 7 8 0 1 1 1 0 70 70 227 0 
7 7 8 0 1 1 1 0 70 70 227 0 
7 7 8 0 1 1 1 0 70 70 227 0 
7 7 8 0 1 1 1 0 70 70 227 0 
7 7 8 0 1 1 1 0 70 70 227 0 
7 7 8 0 1 1 1 0 70 70 227 0 
7 7 8 0 1 1 1 0 70 70 227 0 
7 7 8 0 1 1 1 0 70 70 227 0 
7 7 8 0 1 1 1 0 71 70 231 1 
7 7 8 0 1 1 1 0 71 71 231 0 
7 7 8 0 1 1 1 0 71 71 231 0 
7 7 8 0 1 1 1 0 71 71 231 0 
7 7 8 0 1 1 1 0 71 71 231 0 
7 7 8 0 1 1 1 0 71 71 231 0 
7 7 8 0 1 1 1 0 71 71 231 0 
7 7 8 0 1 1 1 0 71 71 231 0 
7 7 8 0 1 1 1 0 71 71 231 0 
7 7 8 0 1 1 1 0 71 71 231 0 
7 7 8 0 1 1 1 0 71 71 231 0 
7 7 8 0 1 1 1 0 72 71 239 1 
7 7 8 0 1 1 1 0 72 72 239 0 
7 7 8 0 1 1 1 0 72 72 239 0 
7 7 8 0 1 1 1 0 72 72 239 0 
7 7 8 0 1 1 1 0 72 72 239 0 
7 7 8 0 1 1 1 0 72 72 239 0 
7 7 8 0 1 1 1 0 72 72 239 0 
7 7 8 0 1 1 1 0 72 72 239 0 
7 7 8 0 1 1 1 0 72 72 239 0 
7 7 8 0 1 1 1 0 72 72 239 0 
7 7 8 0 1 1 1 0 72 72 239 0 
7 7 8 0 1 1 1 0 72 72 239 0 
7 7 8 0 1 1 1 0 72 72 239 0 
7 7 8 0 1 1 1 0 72 72 239 0 
7 7 8 0 1 1 1 0 73 72 240 1 
7 7 8 0 1 1 1 0 73 73 240 0 
7 7 8 0 1 1 1 0 73 73 240 0 
7 7 8 0 1 1 1 0 73 73 240 0 
7 7 8 0 1 1 1 0 73 73 240 0 
7 7 8 0 1 1 1 0 73 73 240 0 
7 7 8 0 1 1 1 0 73 73 240 0 
7 7 8 0 1 1 1 0 73 73 240 0 
7 7 8 0 1 1 1 0 73 73 240 0 
7 7 8 0 1 1 1 0 73 73 240 0 
7 7 8 0 1 1 1 0 73 73 240 0 
7 7 8 0 1 1 1 0 73 73 240 0 
7 7 8 0 1 1 1 0 73 73 240 0 
7 7 8 0 1 1 1 0 73 73 240 0 
7 7 8 0 1 1 1 0 73 73 240 0 
7 7 8 0 1 1 1 0 73 73 240 0 
7 7 8 0 1 1 1 0 73 73 240 0 
7 7 8 0 1 1 1 0 73 73 240 0 
7 7 8 0 1 1 1 0 73 73 240 0 
7 7 8 0 1 1 1 0 74 73 243 1 
7 7 8 0 1 1 1 0 74 74 243 0 
7 7 8 0 1 1 1 0 74 74 243 0 
7 7 8 0 1 1 1 0 74 74 243 0 
7 7 8 0 1 1 1 0 74 74 243 0 
7 7 8 0 1 1 1 0 74 74 243 0 
7 7 8 0 1 1 1 0 74 74 243 0 
7 7 8 0 1 1 1 0 74 74 243 0 
7 7 8 0 1 1 1 0 74 74 243 0 
7 7 8 0 1 1 1 0 74 74 243 0 
7 7 8 0 1 1 1 0 74 74 243 0 
8 7 9 1 1 1 1 0 74 74 243 0 
8 8 9 0 1 1 1 0 74 74 243 0 
8 8 9 0 1 1 1 0 74 74 243 0 
8 8 9 0 1 1 1 0 75 74 244 1 
8 8 9 0 1 1 1 0 75 75 244 0 
8 8 9 0 1 1 1 0 75 75 244 0 
8 8 9 0 1 1 1 0 75 75 244 0 
8 8 9 0 1 1 1 0 75 75 244 0 
8 8 9 0 1 1 1 0 75 75 244 0 
8 8 9 0 1 1 1 0 75 75 244 0 
8 8 9 0 1 1 1 0 75 75 244 0 
8 8 9 0 1 1 1 0 75 75 244 0 
8 8 9 0 1 1 1 0 75 75 244 0 
8 8 9 0 1 1 1 0 75 75 244 0 
8 8 9 0 1 1 1 0 75 75 244 0 
8 8 9 0 1 1 1 0 76 75 245 1 
8 8 9 0 1 1 1 0 76 76 245 0 
8 8 9 0 1 1 1 0 76 76 245 0 
8 8 9 0 1 1 1 0 77 76 248 1 
8 8 9 0 1 1 1 0 77 77 248 0 
8 8 9 0 1 1 1 0 77 77 248 0 
8 8 9 0 1 1 1 0 77 77 248 0 
8 8 9 0 1 1 1 0 77 77 248 0 
8 8 9 0 1 1 1 0 77 77 248 0 
8 8 9 0 1 1 1 0 77 77 248 0 
8 8 9 0 1 1 1 0 77 77 248 0 
8 8 9 0 1 1 1 0 77 77 248 0 
8 8 9 0 1 1 1 0 77 77 248 0 
8 8 9 0 1 1 1 0 77 77 248 0 
8 8 9 0 1 1 1 0 78 77 253 1 
8 8 9 0 1 1 1 0 78 78 253 0 
8 8 9 0 1 1 1 0 78 78 253 0 
8 8 9 0 1 1 1 0 78 78 253 0 
8 8 9 0 1 1 1 0 78 78 253 0 
8 8 9 0 1 1 1 0 78 78 253 0 
8 8 9 0 1 1 1 0 78 78 253 0 
8 8 9 0 1 1 1 0 78 78 253 0 
8 8 9 0 1 1 1 0 78 78 253 0 
8 8 9 0 1 1 1 0 78 78 253 0 
8 8 9 0 1 1 1 0 79 78 254 1 
8 8 9 0 1 1 1 0 79 79 254 0 
8 8 9 0 1 1 1 0 79 79 254 0 
8 8 9 0 1 1 1 0 79 79 254 0 
8 8 9 0 1 1 1 0 79 79 254 0 
8 8 9 0 1 1 1 0 79 79 254 0 
8 8 9 0 1 1 1 0 79 79 254 0 
8 8 9 0 1 1 1 0 79 79 254 0 
8 8 9 0 1 1 1 0 79 79 254 0 
8 8 9 0 1 1 1 0 80 79 255 1 
8 8 9 0 1 1 1 0 80 80 255 0 
8 8 9 0 1 1 1 0 80 80 255 0 
8 8 9 0 1 1 1 0 80 80 255 0 
8 8 9 0 1 1 1 0 80 80 255 0 
8 8 9 0 1 1 1 0 80 80 255 0 
8 8 9 0 1 1 1 0 80 80 255 0 
8 8 9 0 1 1 1 0 81 80 256 1 
8 8 9 0 1 1 1 0 81 81 256 0 
8 8 9 0 1 1 1 0 81 81 256 0 
8 8 9 0 1 1 1 0 81 81 256 0 
8 8 9 0 1 1 1 0 81 81 256 0 
8 8 9 0 1 1 1 0 81 81 256 0 
8 8 9 0 1 1 1 0 81 81 256 0 
8 8 9 0 1 1 1 0 81 81 256 0 
8 8 9 0 1 1 1 0 81 81 256 0 
8 8 9 0 1 1 1 0 81 81 256 0 
8 8 9 0 1 1 1 0 81 81 256 0 
8 8 9 0 1 1 1 0 81 81 256 0 
8 8 9 0 1 1 1 0 81 81 256 0 
8 8 9 0 1 1 1 0 82 81 257 1 
8 8 9 0 1 1 1 0 82 82 257 0 
8 8 9 0 1 1 1 0 82 82 257 0 
8 8 9 0 1 1 1 0 82 82 257 0 
8 8 9 0 1 1 1 0 82 82 257 0 
8 8 9 0 1 1 1 0 82 82 257 0 
8 8 9 0 1 1 1 0 82 82 257 0 
8 8 9 0 1 1 1 0 82 82 257 0 
8 8 9 0 1 1 1 0 82 82 257 0 
8 8 9 0 1 1 1 0 82 82 257 0 
8 8 9 0 1 1 1 0 82 82 257 0 
8 8 9 0 1 1 1 0 82 82 257 0 
8 8 9 0 1 1 1 0 82 82 257 0 
8 8 9 0 1 1 1 0 83 82 263 1 
8 8 9 0 1 1 1 0 83 83 263 0 
8 8 9 0 1 1 1 0 83 83 263 0 
8 8 9 0 1 1 1 0 83 83 263 0 
8 8 9 0 1 1 1 0 83 83 263 0 
8 8 9 0 1 1 1 0 83 83 263 0 
8 8 9 0 1 1 1 0 83 83 263 0 
8 8 9 0 1 1 1 0 83 83 263 0 
8 8 9 0 1 1 1 0 83 83 263 0 
8 8 9 0 1 1 1 0 83 83 263 0 
8 8 9 0 1 1 1 0 83 83 263 0 
8 8 9 0 1 1 1 0 83 83 263 0 
8 8 9 0 1 1 1 0 83 83 263 0 
8 8 9 0 1 1 1 0 83 83 263 0 
8 8 9 0 1 1 1 0 84 83 267 1 
8 8 9 0 1 1 1 0 84 84 267 0 
8 8 9 0 1 1 1 0 84 84 267 0 
8 8 9 0 1 1 1 0 84 84 267 0 
8 8 9 0 1 1 1 0 84 84 267 0 
8 8 9 0 1 1 1 0 84 84 267 0 
8 8 9 0 1 1 1 0 84 84 267 0 
8 8 9 0 1 1 1 0 84 84 267 0 
8 8 9 0 1 1 1 0 84 84 267 0 
8 8 9 0 1 1 1 0 84 84 267 0 
8 8 9 0 1 1 1 0 84 84 267 0 
8 8 9 0 1 1 1 0 84 84 267 0 
9 8 10 1 1 1 1 0 85 84 270 1 
9 9 10 0 1 1 1 0 85 85 270 0 
9 9 10 0 1 1 1 0 85 85 270 0 
9 9 10 0 1 1 1 0 85 85 270 0 
9 9 10 0 1 1 1 0 85 85 270 0 
9 9 10 0 1 1 1 0 85 85 270 0 
9 9 10 0 1 1 1 0 85 85 270 0 
9 9 10 0 1 1 1 0 85 85 270 0 
9 9 10 0 1 1 1 0 85 85 270 0 
9 9 10 0 1 1 1 0 85 85 270 0 
9 9 10 0 1 1 1 0 85 85 270 0 
9 9 10 0 1 1 1 0 86 85 272 1 
9 9 10 0 1 1 1 0 86 86 272 0 
9 9 10 0 1 1 1 0 86 86 272 0 
9 9 10 0 1 1 1 0 86 86 272 0 
9 9 10 0 1 1 1 0 86 86 272 0 
9 9 10 0 1 1 1 0 86 86 272 0 
9 9 10 0 1 1 1 0 86 86 272 0 
9 9 10 0 1 1 1 0 86 86 272 0 
9 9 10 0 1 1 1 0 86 86 272 0 
9 9 10 0 1 1 1 0 86 86 272 0 
9 9 10 0 1 1 1 0 86 86 272 0 
9 9 10 0 1 1 1 0 86 86 272 0 
9 9 10 0 1 1 1 0 86 86 272 0 
9 9 10 0 1 1 1 0 86 86 272 0 
9 9 10 0 1 1 1 0 86 86 272 0 
9 9 10 0 1 1 1 0 86 86 272 0 
9 9 10 0 1 1 1 0 86 86 272 0 

