0 0 0 0 0 0 0 0 0 0 0 0 0 0 0 0 0 0 0 0 
0 0 0 0 0 0 0 0 0 0 0 0 0 0 0 0 0 0 0 0 
0 0 0 0 0 0 0 0 0 0 0 0 0 0 0 0 0 0 0 0 
0 0 0 0 0 0 0 0 0 0 0 0 0 0 0 0 0 0 0 0 
0 0 0 0 0 0 0 0 0 0 0 0 0 0 0 0 0 0 0 0 
0 0 0 0 0 0 0 0 0 0 0 0 0 0 0 0 0 0 0 0 
0 0 0 0 0 0 0 0 0 0 0 0 0 0 0 0 0 0 0 0 
0 0 0 0 0 0 0 0 0 0 0 0 0 0 0 0 0 0 0 0 
0 0 0 0 0 0 0 0 0 0 0 0 0 0 0 0 0 0 0 0 
0 0 0 0 0 0 0 0 0 0 0 0 0 0 0 0 0 0 0 0 
0 0 0 0 0 0 0 0 0 0 0 0 0 0 0 0 0 0 0 0 
0 0 0 0 0 0 0 0 0 0 0 0 0 0 0 0 0 0 0 0 
1 0 1 1 0 0 0 0 1 0 1 1 0 0 0 0 0 0 0 0 
1 1 1 0 0 0 0 0 1 1 1 0 0 0 0 0 0 0 0 0 
1 1 1 0 0 0 0 0 1 1 1 0 0 0 0 0 0 0 0 0 
1 1 1 0 0 0 0 0 1 1 1 0 0 0 0 0 0 0 0 0 
1 1 1 0 0 0 0 0 1 1 1 0 0 0 0 0 0 0 0 0 
1 1 1 0 0 0 0 0 1 1 1 0 0 0 0 0 0 0 0 0 
1 1 1 0 0 0 0 0 1 1 1 0 0 0 0 0 1 0 2 1 
1 1 1 0 0 0 0 0 1 1 1 0 0 0 0 0 1 1 2 0 
2 1 3 1 0 0 0 0 2 1 7 1 0 0 0 0 1 1 2 0 
2 2 3 0 0 0 0 0 2 2 7 0 0 0 0 0 1 1 2 0 
2 2 3 0 0 0 0 0 2 2 7 0 0 0 0 0 1 1 2 0 
2 2 3 0 0 0 0 0 2 2 7 0 1 0 1 1 1 1 2 0 
2 2 3 0 0 0 0 0 2 2 7 0 1 1 1 0 1 1 2 0 
2 2 3 0 0 0 0 0 2 2 7 0 1 1 1 0 1 1 2 0 
2 2 3 0 0 0 0 0 2 2 7 0 1 1 1 0 1 1 2 0 
2 2 3 0 0 0 0 0 2 2 7 0 1 1 1 0 1 1 2 0 
2 2 3 0 0 0 0 0 2 2 7 0 1 1 1 0 1 1 2 0 
2 2 3 0 0 0 0 0 2 2 7 0 1 1 1 0 1 1 2 0 
2 2 3 0 0 0 0 0 2 2 7 0 1 1 1 0 1 1 2 0 
2 2 3 0 0 0 0 0 2 2 7 0 1 1 1 0 1 1 2 0 
2 2 3 0 0 0 0 0 2 2 7 0 1 1 1 0 1 1 2 0 
2 2 3 0 0 0 0 0 2 2 7 0 1 1 1 0 2 1 13 1 
3 2 5 1 0 0 0 0 3 2 14 1 1 1 1 0 2 2 13 0 
3 3 5 0 0 0 0 0 3 3 14 0 1 1 1 0 2 2 13 0 
3 3 5 0 0 0 0 0 3 3 14 0 1 1 1 0 2 2 13 0 
3 3 5 0 0 0 0 0 3 3 14 0 1 1 1 0 2 2 13 0 
3 3 5 0 0 0 0 0 3 3 14 0 1 1 1 0 2 2 13 0 
3 3 5 0 0 0 0 0 3 3 14 0 1 1 1 0 2 2 13 0 
4 3 6 1 0 0 0 0 4 3 16 1 1 1 1 0 2 2 13 0 
4 4 6 0 0 0 0 0 4 4 16 0 1 1 1 0 2 2 13 0 
4 4 6 0 0 0 0 0 4 4 16 0 1 1 1 0 2 2 13 0 
4 4 6 0 0 0 0 0 4 4 16 0 2 1 10 1 2 2 13 0 
4 4 6 0 0 0 0 0 4 4 16 0 2 2 10 0 2 2 13 0 
4 4 6 0 0 0 0 0 4 4 16 0 2 2 10 0 2 2 13 0 
4 4 6 0 0 0 0 0 4 4 16 0 2 2 10 0 2 2 13 0 
4 4 6 0 0 0 0 0 4 4 16 0 2 2 10 0 2 2 13 0 
4 4 6 0 0 0 0 0 4 4 16 0 2 2 10 0 2 2 13 0 
4 4 6 0 0 0 0 0 4 4 16 0 2 2 10 0 2 2 13 0 
4 4 6 0 0 0 0 0 4 4 16 0 2 2 10 0 2 2 13 0 
5 4 7 1 0 0 0 0 5 4 19 1 2 2 10 0 2 2 13 0 
5 5 7 0 0 0 0 0 5 5 19 0 2 2 10 0 2 2 13 0 
5 5 7 0 1 0 1 1 5 5 19 0 2 2 10 0 2 2 13 0 
5 5 7 0 1 1 1 0 5 5 19 0 2 2 10 0 3 2 14 1 
5 5 7 0 1 1 1 0 5 5 19 0 2 2 10 0 3 3 14 0 
5 5 7 0 1 1 1 0 5 5 19 0 2 2 10 0 3 3 14 0 
5 5 7 0 1 1 1 0 5 5 19 0 2 2 10 0 3 3 14 0 
5 5 7 0 1 1 1 0 5 5 19 0 2 2 10 0 3 3 14 0 
5 5 7 0 1 1 1 0 5 5 19 0 2 2 10 0 3 3 14 0 
5 5 7 0 1 1 1 0 5 5 19 0 2 2 10 0 3 3 14 0 
5 5 7 0 1 1 1 0 5 5 19 0 2 2 10 0 3 3 14 0 
5 5 7 0 1 1 1 0 5 5 19 0 2 2 10 0 3 3 14 0 
5 5 7 0 1 1 1 0 5 5 19 0 2 2 10 0 3 3 14 0 
5 5 7 0 1 1 1 0 5 5 19 0 2 2 10 0 3 3 14 0 
5 5 7 0 1 1 1 0 5 5 19 0 2 2 10 0 3 3 14 0 
5 5 7 0 1 1 1 0 5 5 19 0 2 2 10 0 3 3 14 0 
5 5 7 0 1 1 1 0 5 5 19 0 2 2 10 0 3 3 14 0 
5 5 7 0 1 1 1 0 5 5 19 0 3 2 17 1 3 3 14 0 
6 5 10 1 1 1 1 0 6 5 28 1 3 3 17 0 4 3 16 1 
6 6 10 0 1 1 1 0 6 6 28 0 3 3 17 0 4 4 16 0 
6 6 10 0 1 1 1 0 6 6 28 0 3 3 17 0 4 4 16 0 
6 6 10 0 1 1 1 0 6 6 28 0 3 3 17 0 4 4 16 0 
6 6 10 0 1 1 1 0 6 6 28 0 3 3 17 0 4 4 16 0 
6 6 10 0 1 1 1 0 6 6 28 0 3 3 17 0 4 4 16 0 
6 6 10 0 1 1 1 0 6 6 28 0 3 3 17 0 4 4 16 0 
6 6 10 0 1 1 1 0 6 6 28 0 3 3 17 0 4 4 16 0 
6 6 10 0 1 1 1 0 6 6 28 0 3 3 17 0 4 4 16 0 
7 6 12 1 1 1 1 0 7 6 34 1 3 3 17 0 4 4 16 0 
7 7 12 0 1 1 1 0 7 7 34 0 3 3 17 0 4 4 16 0 
7 7 12 0 1 1 1 0 7 7 34 0 3 3 17 0 4 4 16 0 
7 7 12 0 1 1 1 0 7 7 34 0 3 3 17 0 4 4 16 0 
7 7 12 0 1 1 1 0 7 7 34 0 3 3 17 0 4 4 16 0 
7 7 12 0 1 1 1 0 7 7 34 0 3 3 17 0 4 4 16 0 
8 7 14 1 1 1 1 0 8 7 40 1 3 3 17 0 4 4 16 0 
8 8 14 0 1 1 1 0 8 8 40 0 4 3 22 1 5 4 25 1 
8 8 14 0 1 1 1 0 8 8 40 0 4 4 22 0 5 5 25 0 
8 8 14 0 1 1 1 0 8 8 40 0 4 4 22 0 5 5 25 0 
8 8 14 0 1 1 1 0 8 8 40 0 4 4 22 0 5 5 25 0 
8 8 14 0 1 1 1 0 8 8 40 0 4 4 22 0 5 5 25 0 
8 8 14 0 1 1 1 0 8 8 40 0 4 4 22 0 5 5 25 0 
8 8 14 0 1 1 1 0 8 8 40 0 4 4 22 0 5 5 25 0 
8 8 14 0 1 1 1 0 8 8 40 0 4 4 22 0 5 5 25 0 
8 8 14 0 1 1 1 0 8 8 40 0 4 4 22 0 5 5 25 0 
8 8 14 0 1 1 1 0 8 8 40 0 4 4 22 0 5 5 25 0 
9 8 15 1 1 1 1 0 9 8 41 1 4 4 22 0 5 5 25 0 
9 9 15 0 1 1 1 0 9 9 41 0 4 4 22 0 5 5 25 0 
9 9 15 0 1 1 1 0 9 9 41 0 4 4 22 0 5 5 25 0 
9 9 15 0 1 1 1 0 9 9 41 0 4 4 22 0 5 5 25 0 
9 9 15 0 1 1 1 0 9 9 41 0 4 4 22 0 5 5 25 0 
9 9 15 0 1 1 1 0 9 9 41 0 4 4 22 0 5 5 25 0 
9 9 15 0 1 1 1 0 9 9 41 0 4 4 22 0 5 5 25 0 
9 9 15 0 1 1 1 0 9 9 41 0 4 4 22 0 6 5 31 1 
9 9 15 0 1 1 1 0 9 9 41 0 4 4 22 0 6 6 31 0 
10 9 16 1 1 1 1 0 10 9 42 1 4 4 22 0 6 6 31 0 
10 10 16 0 1 1 1 0 10 10 42 0 4 4 22 0 6 6 31 0 
10 10 16 0 1 1 1 0 10 10 42 0 4 4 22 0 6 6 31 0 
10 10 16 0 1 1 1 0 10 10 42 0 4 4 22 0 6 6 31 0 
10 10 16 0 1 1 1 0 10 10 42 0 4 4 22 0 6 6 31 0 
10 10 16 0 1 1 1 0 10 10 42 0 4 4 22 0 6 6 31 0 
11 10 17 1 2 1 2 1 11 10 44 1 5 4 23 1 6 6 31 0 
11 11 17 0 2 2 2 0 11 11 44 0 5 5 23 0 6 6 31 0 
11 11 17 0 2 2 2 0 11 11 44 0 5 5 23 0 6 6 31 0 
11 11 17 0 2 2 2 0 11 11 44 0 5 5 23 0 6 6 31 0 
11 11 17 0 2 2 2 0 11 11 44 0 5 5 23 0 6 6 31 0 
12 11 18 1 2 2 2 0 12 11 45 1 5 5 23 0 6 6 31 0 
12 12 18 0 2 2 2 0 12 12 45 0 5 5 23 0 6 6 31 0 
12 12 18 0 2 2 2 0 12 12 45 0 5 5 23 0 6 6 31 0 
12 12 18 0 2 2 2 0 12 12 45 0 5 5 23 0 6 6 31 0 
12 12 18 0 2 2 2 0 12 12 45 0 5 5 23 0 6 6 31 0 
12 12 18 0 2 2 2 0 12 12 45 0 5 5 23 0 6 6 31 0 
12 12 18 0 2 2 2 0 12 12 45 0 5 5 23 0 7 6 33 1 
12 12 18 0 2 2 2 0 12 12 45 0 5 5 23 0 7 7 33 0 
12 12 18 0 2 2 2 0 12 12 45 0 5 5 23 0 7 7 33 0 
12 12 18 0 2 2 2 0 12 12 45 0 5 5 23 0 7 7 33 0 
12 12 18 0 2 2 2 0 12 12 45 0 5 5 23 0 7 7 33 0 
12 12 18 0 2 2 2 0 12 12 45 0 5 5 23 0 7 7 33 0 
13 12 20 1 2 2 2 0 13 12 52 1 5 5 23 0 7 7 33 0 
13 13 20 0 2 2 2 0 13 13 52 0 5 5 23 0 7 7 33 0 
13 13 20 0 2 2 2 0 13 13 52 0 5 5 23 0 7 7 33 0 
13 13 20 0 2 2 2 0 13 13 52 0 5 5 23 0 7 7 33 0 
13 13 20 0 2 2 2 0 13 13 52 0 5 5 23 0 7 7 33 0 
13 13 20 0 2 2 2 0 13 13 52 0 5 5 23 0 7 7 33 0 
13 13 20 0 2 2 2 0 13 13 52 0 5 5 23 0 7 7 33 0 
13 13 20 0 2 2 2 0 13 13 52 0 5 5 23 0 7 7 33 0 
13 13 20 0 2 2 2 0 13 13 52 0 6 5 28 1 7 7 33 0 
14 13 21 1 2 2 2 0 14 13 53 1 6 6 28 0 7 7 33 0 
14 14 21 0 2 2 2 0 14 14 53 0 6 6 28 0 7 7 33 0 
14 14 21 0 2 2 2 0 14 14 53 0 6 6 28 0 7 7 33 0 
14 14 21 0 2 2 2 0 14 14 53 0 6 6 28 0 7 7 33 0 
14 14 21 0 2 2 2 0 14 14 53 0 6 6 28 0 7 7 33 0 
14 14 21 0 2 2 2 0 14 14 53 0 6 6 28 0 8 7 40 1 
14 14 21 0 2 2 2 0 14 14 53 0 6 6 28 0 8 8 40 0 
14 14 21 0 2 2 2 0 14 14 53 0 6 6 28 0 8 8 40 0 
14 14 21 0 2 2 2 0 14 14 53 0 6 6 28 0 8 8 40 0 
14 14 21 0 2 2 2 0 14 14 53 0 6 6 28 0 8 8 40 0 
14 14 21 0 2 2 2 0 14 14 53 0 6 6 28 0 8 8 40 0 
14 14 21 0 2 2 2 0 14 14 53 0 6 6 28 0 8 8 40 0 
14 14 21 0 2 2 2 0 14 14 53 0 6 6 28 0 8 8 40 0 
14 14 21 0 2 2 2 0 14 14 53 0 6 6 28 0 8 8 40 0 
14 14 21 0 2 2 2 0 14 14 53 0 6 6 28 0 8 8 40 0 
15 14 22 1 2 2 2 0 15 14 55 1 6 6 28 0 8 8 40 0 
15 15 22 0 2 2 2 0 15 15 55 0 6 6 28 0 8 8 40 0 
15 15 22 0 2 2 2 0 15 15 55 0 6 6 28 0 8 8 40 0 
15 15 22 0 2 2 2 0 15 15 55 0 6 6 28 0 8 8 40 0 
15 15 22 0 2 2 2 0 15 15 55 0 6 6 28 0 8 8 40 0 
15 15 22 0 2 2 2 0 15 15 55 0 6 6 28 0 9 8 50 1 
15 15 22 0 2 2 2 0 15 15 55 0 6 6 28 0 9 9 50 0 
15 15 22 0 2 2 2 0 15 15 55 0 7 6 36 1 9 9 50 0 
15 15 22 0 2 2 2 0 15 15 55 0 7 7 36 0 9 9 50 0 
15 15 22 0 2 2 2 0 15 15 55 0 7 7 36 0 9 9 50 0 
15 15 22 0 2 2 2 0 15 15 55 0 7 7 36 0 9 9 50 0 
16 15 23 1 2 2 2 0 16 15 59 1 7 7 36 0 9 9 50 0 
16 16 23 0 2 2 2 0 16 16 59 0 7 7 36 0 9 9 50 0 
16 16 23 0 2 2 2 0 16 16 59 0 7 7 36 0 9 9 50 0 
16 16 23 0 2 2 2 0 16 16 59 0 7 7 36 0 9 9 50 0 
16 16 23 0 2 2 2 0 16 16 59 0 7 7 36 0 9 9 50 0 
16 16 23 0 2 2 2 0 16 16 59 0 7 7 36 0 9 9 50 0 
16 16 23 0 2 2 2 0 16 16 59 0 7 7 36 0 9 9 50 0 
17 16 24 1 2 2 2 0 17 16 60 1 7 7 36 0 9 9 50 0 
17 17 24 0 2 2 2 0 17 17 60 0 7 7 36 0 9 9 50 0 
17 17 24 0 2 2 2 0 17 17 60 0 8 7 38 1 9 9 50 0 
17 17 24 0 2 2 2 0 17 17 60 0 8 8 38 0 9 9 50 0 
17 17 24 0 2 2 2 0 17 17 60 0 8 8 38 0 9 9 50 0 
17 17 24 0 3 2 5 1 17 17 60 0 8 8 38 0 9 9 50 0 
17 17 24 0 3 3 5 0 17 17 60 0 8 8 38 0 9 9 50 0 
18 17 25 1 3 3 5 0 18 17 61 1 8 8 38 0 9 9 50 0 
18 18 25 0 3 3 5 0 18 18 61 0 8 8 38 0 9 9 50 0 
18 18 25 0 3 3 5 0 18 18 61 0 8 8 38 0 9 9 50 0 
18 18 25 0 3 3 5 0 18 18 61 0 8 8 38 0 9 9 50 0 
18 18 25 0 3 3 5 0 18 18 61 0 8 8 38 0 10 9 52 1 
18 18 25 0 3 3 5 0 18 18 61 0 8 8 38 0 10 10 52 0 
18 18 25 0 3 3 5 0 18 18 61 0 8 8 38 0 10 10 52 0 
18 18 25 0 3 3 5 0 18 18 61 0 8 8 38 0 10 10 52 0 
19 18 26 1 3 3 5 0 19 18 64 1 8 8 38 0 10 10 52 0 
19 19 26 0 3 3 5 0 19 19 64 0 8 8 38 0 10 10 52 0 
19 19 26 0 3 3 5 0 19 19 64 0 8 8 38 0 10 10 52 0 
19 19 26 0 3 3 5 0 19 19 64 0 8 8 38 0 10 10 52 0 
20 19 27 1 3 3 5 0 20 19 65 1 8 8 38 0 10 10 52 0 
20 20 27 0 3 3 5 0 20 20 65 0 8 8 38 0 10 10 52 0 
20 20 27 0 3 3 5 0 20 20 65 0 8 8 38 0 10 10 52 0 
20 20 27 0 3 3 5 0 20 20 65 0 8 8 38 0 10 10 52 0 
20 20 27 0 3 3 5 0 20 20 65 0 8 8 38 0 10 10 52 0 
21 20 28 1 3 3 5 0 21 20 68 1 8 8 38 0 10 10 52 0 
21 21 28 0 3 3 5 0 21 21 68 0 8 8 38 0 10 10 52 0 
21 21 28 0 3 3 5 0 21 21 68 0 8 8 38 0 10 10 52 0 
21 21 28 0 3 3 5 0 21 21 68 0 8 8 38 0 10 10 52 0 
21 21 28 0 3 3 5 0 21 21 68 0 9 8 39 1 10 10 52 0 
21 21 28 0 3 3 5 0 21 21 68 0 9 9 39 0 10 10 52 0 
21 21 28 0 3 3 5 0 21 21 68 0 9 9 39 0 10 10 52 0 
21 21 28 0 3 3 5 0 21 21 68 0 9 9 39 0 10 10 52 0 
21 21 28 0 3 3 5 0 21 21 68 0 9 9 39 0 11 10 53 1 
21 21 28 0 3 3 5 0 21 21 68 0 9 9 39 0 11 11 53 0 
21 21 28 0 3 3 5 0 21 21 68 0 9 9 39 0 11 11 53 0 
21 21 28 0 3 3 5 0 21 21 68 0 9 9 39 0 11 11 53 0 
21 21 28 0 3 3 5 0 21 21 68 0 9 9 39 0 11 11 53 0 
22 21 29 1 3 3 5 0 22 21 69 1 9 9 39 0 11 11 53 0 
22 22 29 0 3 3 5 0 22 22 69 0 9 9 39 0 11 11 53 0 
22 22 29 0 3 3 5 0 22 22 69 0 9 9 39 0 11 11 53 0 
22 22 29 0 3 3 5 0 22 22 69 0 9 9 39 0 11 11 53 0 
22 22 29 0 3 3 5 0 22 22 69 0 9 9 39 0 11 11 53 0 
22 22 29 0 3 3 5 0 22 22 69 0 9 9 39 0 11 11 53 0 
22 22 29 0 3 3 5 0 22 22 69 0 9 9 39 0 11 11 53 0 
22 22 29 0 3 3 5 0 22 22 69 0 9 9 39 0 11 11 53 0 
22 22 29 0 3 3 5 0 22 22 69 0 9 9 39 0 11 11 53 0 
22 22 29 0 3 3 5 0 22 22 69 0 9 9 39 0 11 11 53 0 
22 22 29 0 3 3 5 0 22 22 69 0 9 9 39 0 12 11 55 1 
22 22 29 0 3 3 5 0 22 22 69 0 9 9 39 0 12 12 55 0 
23 22 30 1 3 3 5 0 23 22 70 1 9 9 39 0 12 12 55 0 
23 23 30 0 3 3 5 0 23 23 70 0 9 9 39 0 12 12 55 0 
23 23 30 0 3 3 5 0 23 23 70 0 9 9 39 0 12 12 55 0 
23 23 30 0 3 3 5 0 23 23 70 0 9 9 39 0 12 12 55 0 
23 23 30 0 4 3 7 1 23 23 70 0 9 9 39 0 12 12 55 0 
23 23 30 0 4 4 7 0 23 23 70 0 9 9 39 0 12 12 55 0 
23 23 30 0 4 4 7 0 23 23 70 0 9 9 39 0 12 12 55 0 
23 23 30 0 4 4 7 0 23 23 70 0 9 9 39 0 12 12 55 0 
23 23 30 0 4 4 7 0 23 23 70 0 9 9 39 0 12 12 55 0 
23 23 30 0 4 4 7 0 23 23 70 0 9 9 39 0 12 12 55 0 
23 23 30 0 4 4 7 0 23 23 70 0 9 9 39 0 12 12 55 0 
23 23 30 0 4 4 7 0 23 23 70 0 9 9 39 0 12 12 55 0 
23 23 30 0 4 4 7 0 23 23 70 0 9 9 39 0 12 12 55 0 
23 23 30 0 4 4 7 0 23 23 70 0 10 9 40 1 12 12 55 0 
23 23 30 0 4 4 7 0 23 23 70 0 10 10 40 0 13 12 57 1 
23 23 30 0 4 4 7 0 23 23 70 0 10 10 40 0 13 13 57 0 
24 23 31 1 4 4 7 0 24 23 73 1 10 10 40 0 13 13 57 0 
24 24 31 0 4 4 7 0 24 24 73 0 10 10 40 0 13 13 57 0 
24 24 31 0 4 4 7 0 24 24 73 0 10 10 40 0 13 13 57 0 
24 24 31 0 4 4 7 0 24 24 73 0 10 10 40 0 13 13 57 0 
24 24 31 0 4 4 7 0 24 24 73 0 10 10 40 0 14 13 62 1 
24 24 31 0 4 4 7 0 24 24 73 0 10 10 40 0 14 14 62 0 
24 24 31 0 4 4 7 0 24 24 73 0 10 10 40 0 14 14 62 0 
24 24 31 0 4 4 7 0 24 24 73 0 10 10 40 0 14 14 62 0 
24 24 31 0 4 4 7 0 24 24 73 0 10 10 40 0 14 14 62 0 
24 24 31 0 4 4 7 0 24 24 73 0 10 10 40 0 14 14 62 0 
24 24 31 0 4 4 7 0 24 24 73 0 10 10 40 0 14 14 62 0 
24 24 31 0 4 4 7 0 24 24 73 0 10 10 40 0 14 14 62 0 
24 24 31 0 4 4 7 0 24 24 73 0 10 10 40 0 14 14 62 0 
24 24 31 0 4 4 7 0 24 24 73 0 10 10 40 0 14 14 62 0 
24 24 31 0 4 4 7 0 24 24 73 0 10 10 40 0 14 14 62 0 
25 24 32 1 4 4 7 0 25 24 75 1 10 10 40 0 14 14 62 0 
25 25 32 0 4 4 7 0 25 25 75 0 10 10 40 0 15 14 66 1 
25 25 32 0 4 4 7 0 25 25 75 0 10 10 40 0 15 15 66 0 
25 25 32 0 4 4 7 0 25 25 75 0 11 10 42 1 15 15 66 0 
25 25 32 0 4 4 7 0 25 25 75 0 11 11 42 0 15 15 66 0 
25 25 32 0 4 4 7 0 25 25 75 0 11 11 42 0 15 15 66 0 
25 25 32 0 4 4 7 0 25 25 75 0 11 11 42 0 15 15 66 0 
25 25 32 0 4 4 7 0 25 25 75 0 11 11 42 0 15 15 66 0 
25 25 32 0 4 4 7 0 25 25 75 0 11 11 42 0 15 15 66 0 
25 25 32 0 4 4 7 0 25 25 75 0 11 11 42 0 15 15 66 0 
26 25 33 1 4 4 7 0 26 25 76 1 11 11 42 0 15 15 66 0 
26 26 33 0 4 4 7 0 26 26 76 0 11 11 42 0 15 15 66 0 
26 26 33 0 4 4 7 0 26 26 76 0 11 11 42 0 15 15 66 0 
26 26 33 0 4 4 7 0 26 26 76 0 12 11 46 1 15 15 66 0 
26 26 33 0 4 4 7 0 26 26 76 0 12 12 46 0 16 15 69 1 
26 26 33 0 4 4 7 0 26 26 76 0 12 12 46 0 16 16 69 0 
26 26 33 0 4 4 7 0 26 26 76 0 12 12 46 0 16 16 69 0 
26 26 33 0 4 4 7 0 26 26 76 0 12 12 46 0 16 16 69 0 
26 26 33 0 4 4 7 0 26 26 76 0 12 12 46 0 16 16 69 0 
26 26 33 0 5 4 10 1 26 26 76 0 12 12 46 0 16 16 69 0 
26 26 33 0 5 5 10 0 26 26 76 0 12 12 46 0 16 16 69 0 
26 26 33 0 5 5 10 0 26 26 76 0 12 12 46 0 16 16 69 0 
26 26 33 0 5 5 10 0 26 26 76 0 12 12 46 0 16 16 69 0 
27 26 35 1 5 5 10 0 27 26 82 1 12 12 46 0 16 16 69 0 
27 27 35 0 5 5 10 0 27 27 82 0 12 12 46 0 16 16 69 0 
27 27 35 0 5 5 10 0 27 27 82 0 12 12 46 0 16 16 69 0 
27 27 35 0 5 5 10 0 27 27 82 0 12 12 46 0 17 16 70 1 
27 27 35 0 5 5 10 0 27 27 82 0 12 12 46 0 17 17 70 0 
27 27 35 0 5 5 10 0 27 27 82 0 12 12 46 0 17 17 70 0 
27 27 35 0 5 5 10 0 27 27 82 0 13 12 49 1 17 17 70 0 
27 27 35 0 5 5 10 0 27 27 82 0 13 13 49 0 17 17 70 0 
28 27 36 1 5 5 10 0 28 27 83 1 13 13 49 0 17 17 70 0 
28 28 36 0 5 5 10 0 28 28 83 0 13 13 49 0 17 17 70 0 
28 28 36 0 5 5 10 0 28 28 83 0 13 13 49 0 17 17 70 0 
28 28 36 0 5 5 10 0 28 28 83 0 13 13 49 0 17 17 70 0 
28 28 36 0 5 5 10 0 28 28 83 0 13 13 49 0 17 17 70 0 
28 28 36 0 5 5 10 0 28 28 83 0 13 13 49 0 17 17 70 0 
28 28 36 0 5 5 10 0 28 28 83 0 13 13 49 0 17 17 70 0 
28 28 36 0 5 5 10 0 28 28 83 0 13 13 49 0 17 17 70 0 
28 28 36 0 5 5 10 0 28 28 83 0 13 13 49 0 17 17 70 0 
28 28 36 0 5 5 10 0 28 28 83 0 13 13 49 0 17 17 70 0 
28 28 36 0 5 5 10 0 28 28 83 0 13 13 49 0 17 17 70 0 
28 28 36 0 5 5 10 0 28 28 83 0 13 13 49 0 17 17 70 0 
28 28 36 0 5 5 10 0 28 28 83 0 13 13 49 0 18 17 81 1 
29 28 38 1 5 5 10 0 29 28 90 1 13 13 49 0 18 18 81 0 
29 29 38 0 5 5 10 0 29 29 90 0 13 13 49 0 18 18 81 0 
29 29 38 0 5 5 10 0 29 29 90 0 13 13 49 0 18 18 81 0 
29 29 38 0 5 5 10 0 29 29 90 0 14 13 52 1 18 18 81 0 
29 29 38 0 5 5 10 0 29 29 90 0 14 14 52 0 18 18 81 0 
29 29 38 0 5 5 10 0 29 29 90 0 14 14 52 0 18 18 81 0 
29 29 38 0 5 5 10 0 29 29 90 0 14 14 52 0 18 18 81 0 
29 29 38 0 5 5 10 0 29 29 90 0 14 14 52 0 18 18 81 0 
29 29 38 0 5 5 10 0 29 29 90 0 14 14 52 0 18 18 81 0 
29 29 38 0 5 5 10 0 29 29 90 0 14 14 52 0 18 18 81 0 
29 29 38 0 5 5 10 0 29 29 90 0 14 14 52 0 19 18 84 1 
29 29 38 0 5 5 10 0 29 29 90 0 14 14 52 0 19 19 84 0 
29 29 38 0 5 5 10 0 29 29 90 0 14 14 52 0 19 19 84 0 
30 29 39 1 5 5 10 0 30 29 93 1 14 14 52 0 19 19 84 0 
30 30 39 0 5 5 10 0 30 30 93 0 14 14 52 0 19 19 84 0 
30 30 39 0 5 5 10 0 30 30 93 0 14 14 52 0 19 19 84 0 
30 30 39 0 5 5 10 0 30 30 93 0 14 14 52 0 19 19 84 0 
30 30 39 0 5 5 10 0 30 30 93 0 14 14 52 0 19 19 84 0 
30 30 39 0 5 5 10 0 30 30 93 0 14 14 52 0 19 19 84 0 
30 30 39 0 5 5 10 0 30 30 93 0 14 14 52 0 19 19 84 0 
30 30 39 0 6 5 12 1 30 30 93 0 15 14 53 1 19 19 84 0 
30 30 39 0 6 6 12 0 30 30 93 0 15 15 53 0 19 19 84 0 
30 30 39 0 6 6 12 0 30 30 93 0 15 15 53 0 19 19 84 0 
30 30 39 0 6 6 12 0 30 30 93 0 15 15 53 0 20 19 92 1 
30 30 39 0 6 6 12 0 30 30 93 0 15 15 53 0 20 20 92 0 
30 30 39 0 6 6 12 0 30 30 93 0 15 15 53 0 20 20 92 0 
30 30 39 0 6 6 12 0 30 30 93 0 15 15 53 0 20 20 92 0 
30 30 39 0 6 6 12 0 30 30 93 0 15 15 53 0 20 20 92 0 
30 30 39 0 6 6 12 0 30 30 93 0 15 15 53 0 20 20 92 0 
31 30 40 1 6 6 12 0 31 30 94 1 15 15 53 0 20 20 92 0 
31 31 40 0 6 6 12 0 31 31 94 0 15 15 53 0 20 20 92 0 
31 31 40 0 6 6 12 0 31 31 94 0 15 15 53 0 20 20 92 0 
31 31 40 0 6 6 12 0 31 31 94 0 15 15 53 0 20 20 92 0 
31 31 40 0 6 6 12 0 31 31 94 0 15 15 53 0 20 20 92 0 
31 31 40 0 6 6 12 0 31 31 94 0 15 15 53 0 20 20 92 0 
31 31 40 0 6 6 12 0 31 31 94 0 15 15 53 0 20 20 92 0 
31 31 40 0 6 6 12 0 31 31 94 0 15 15 53 0 20 20 92 0 
31 31 40 0 6 6 12 0 31 31 94 0 15 15 53 0 21 20 93 1 
31 31 40 0 6 6 12 0 31 31 94 0 15 15 53 0 21 21 93 0 
31 31 40 0 6 6 12 0 31 31 94 0 15 15 53 0 21 21 93 0 
31 31 40 0 6 6 12 0 31 31 94 0 15 15 53 0 21 21 93 0 
31 31 40 0 6 6 12 0 31 31 94 0 15 15 53 0 21 21 93 0 
31 31 40 0 6 6 12 0 31 31 94 0 16 15 62 1 21 21 93 0 
31 31 40 0 6 6 12 0 31 31 94 0 16 16 62 0 21 21 93 0 
31 31 40 0 6 6 12 0 31 31 94 0 16 16 62 0 21 21 93 0 
31 31 40 0 6 6 12 0 31 31 94 0 16 16 62 0 21 21 93 0 
31 31 40 0 6 6 12 0 31 31 94 0 16 16 62 0 21 21 93 0 
31 31 40 0 6 6 12 0 31 31 94 0 16 16 62 0 21 21 93 0 
32 31 42 1 6 6 12 0 32 31 100 1 16 16 62 0 21 21 93 0 
32 32 42 0 6 6 12 0 32 32 100 0 16 16 62 0 21 21 93 0 
32 32 42 0 6 6 12 0 32 32 100 0 16 16 62 0 21 21 93 0 
32 32 42 0 6 6 12 0 32 32 100 0 16 16 62 0 21 21 93 0 
32 32 42 0 6 6 12 0 32 32 100 0 16 16 62 0 21 21 93 0 
32 32 42 0 6 6 12 0 32 32 100 0 16 16 62 0 22 21 104 1 
32 32 42 0 6 6 12 0 32 32 100 0 16 16 62 0 22 22 104 0 
32 32 42 0 6 6 12 0 32 32 100 0 16 16 62 0 22 22 104 0 
32 32 42 0 6 6 12 0 32 32 100 0 16 16 62 0 22 22 104 0 
32 32 42 0 6 6 12 0 32 32 100 0 16 16 62 0 22 22 104 0 
32 32 42 0 6 6 12 0 32 32 100 0 17 16 68 1 22 22 104 0 
32 32 42 0 6 6 12 0 32 32 100 0 17 17 68 0 22 22 104 0 
33 32 43 1 6 6 12 0 33 32 105 1 17 17 68 0 22 22 104 0 
33 33 43 0 6 6 12 0 33 33 105 0 17 17 68 0 22 22 104 0 
33 33 43 0 6 6 12 0 33 33 105 0 17 17 68 0 22 22 104 0 
33 33 43 0 6 6 12 0 33 33 105 0 17 17 68 0 22 22 104 0 
33 33 43 0 6 6 12 0 33 33 105 0 17 17 68 0 22 22 104 0 
33 33 43 0 6 6 12 0 33 33 105 0 17 17 68 0 22 22 104 0 
33 33 43 0 6 6 12 0 33 33 105 0 17 17 68 0 23 22 106 1 
33 33 43 0 6 6 12 0 33 33 105 0 17 17 68 0 23 23 106 0 
33 33 43 0 6 6 12 0 33 33 105 0 17 17 68 0 23 23 106 0 
33 33 43 0 6 6 12 0 33 33 105 0 17 17 68 0 23 23 106 0 
34 33 44 1 6 6 12 0 34 33 110 1 17 17 68 0 23 23 106 0 
34 34 44 0 6 6 12 0 34 34 110 0 17 17 68 0 23 23 106 0 
34 34 44 0 6 6 12 0 34 34 110 0 17 17 68 0 23 23 106 0 
34 34 44 0 6 6 12 0 34 34 110 0 17 17 68 0 23 23 106 0 
34 34 44 0 6 6 12 0 34 34 110 0 17 17 68 0 23 23 106 0 
34 34 44 0 6 6 12 0 34 34 110 0 17 17 68 0 23 23 106 0 
34 34 44 0 7 6 13 1 34 34 110 0 17 17 68 0 23 23 106 0 
34 34 44 0 7 7 13 0 34 34 110 0 17 17 68 0 23 23 106 0 
34 34 44 0 7 7 13 0 34 34 110 0 17 17 68 0 23 23 106 0 
34 34 44 0 7 7 13 0 34 34 110 0 17 17 68 0 23 23 106 0 
34 34 44 0 7 7 13 0 34 34 110 0 17 17 68 0 23 23 106 0 
34 34 44 0 7 7 13 0 34 34 110 0 18 17 74 1 23 23 106 0 
34 34 44 0 7 7 13 0 34 34 110 0 18 18 74 0 23 23 106 0 
34 34 44 0 7 7 13 0 34 34 110 0 18 18 74 0 23 23 106 0 
35 34 46 1 7 7 13 0 35 34 117 1 18 18 74 0 23 23 106 0 
35 35 46 0 7 7 13 0 35 35 117 0 18 18 74 0 24 23 107 1 
35 35 46 0 7 7 13 0 35 35 117 0 18 18 74 0 24 24 107 0 
35 35 46 0 7 7 13 0 35 35 117 0 18 18 74 0 24 24 107 0 
35 35 46 0 7 7 13 0 35 35 117 0 18 18 74 0 24 24 107 0 
35 35 46 0 7 7 13 0 35 35 117 0 18 18 74 0 24 24 107 0 
35 35 46 0 7 7 13 0 35 35 117 0 18 18 74 0 24 24 107 0 
35 35 46 0 7 7 13 0 35 35 117 0 18 18 74 0 24 24 107 0 
35 35 46 0 7 7 13 0 35 35 117 0 18 18 74 0 24 24 107 0 
35 35 46 0 7 7 13 0 35 35 117 0 18 18 74 0 24 24 107 0 
36 35 47 1 7 7 13 0 36 35 120 1 18 18 74 0 24 24 107 0 
36 36 47 0 7 7 13 0 36 36 120 0 18 18 74 0 24 24 107 0 
36 36 47 0 7 7 13 0 36 36 120 0 18 18 74 0 24 24 107 0 
36 36 47 0 7 7 13 0 36 36 120 0 18 18 74 0 24 24 107 0 
36 36 47 0 7 7 13 0 36 36 120 0 18 18 74 0 24 24 107 0 
36 36 47 0 7 7 13 0 36 36 120 0 18 18 74 0 24 24 107 0 
36 36 47 0 7 7 13 0 36 36 120 0 19 18 75 1 24 24 107 0 
36 36 47 0 7 7 13 0 36 36 120 0 19 19 75 0 24 24 107 0 
36 36 47 0 7 7 13 0 36 36 120 0 19 19 75 0 25 24 108 1 
36 36 47 0 7 7 13 0 36 36 120 0 19 19 75 0 25 25 108 0 
36 36 47 0 7 7 13 0 36 36 120 0 19 19 75 0 25 25 108 0 
36 36 47 0 7 7 13 0 36 36 120 0 19 19 75 0 25 25 108 0 
36 36 47 0 7 7 13 0 36 36 120 0 19 19 75 0 25 25 108 0 
36 36 47 0 7 7 13 0 36 36 120 0 19 19 75 0 25 25 108 0 
36 36 47 0 7 7 13 0 36 36 120 0 19 19 75 0 25 25 108 0 
37 36 48 1 7 7 13 0 37 36 123 1 19 19 75 0 25 25 108 0 
37 37 48 0 7 7 13 0 37 37 123 0 19 19 75 0 25 25 108 0 
37 37 48 0 7 7 13 0 37 37 123 0 19 19 75 0 25 25 108 0 
37 37 48 0 7 7 13 0 37 37 123 0 19 19 75 0 25 25 108 0 
37 37 48 0 7 7 13 0 37 37 123 0 19 19 75 0 25 25 108 0 
37 37 48 0 7 7 13 0 37 37 123 0 19 19 75 0 25 25 108 0 
37 37 48 0 7 7 13 0 37 37 123 0 19 19 75 0 25 25 108 0 
37 37 48 0 7 7 13 0 37 37 123 0 19 19 75 0 25 25 108 0 
37 37 48 0 7 7 13 0 37 37 123 0 19 19 75 0 25 25 108 0 
37 37 48 0 7 7 13 0 37 37 123 0 19 19 75 0 25 25 108 0 
37 37 48 0 7 7 13 0 37 37 123 0 19 19 75 0 26 25 112 1 
38 37 49 1 7 7 13 0 38 37 128 1 20 19 84 1 26 26 112 0 
38 38 49 0 7 7 13 0 38 38 128 0 20 20 84 0 26 26 112 0 
38 38 49 0 7 7 13 0 38 38 128 0 20 20 84 0 26 26 112 0 
38 38 49 0 7 7 13 0 38 38 128 0 20 20 84 0 26 26 112 0 
38 38 49 0 7 7 13 0 38 38 128 0 20 20 84 0 26 26 112 0 
38 38 49 0 7 7 13 0 38 38 128 0 20 20 84 0 26 26 112 0 
38 38 49 0 7 7 13 0 38 38 128 0 20 20 84 0 26 26 112 0 
38 38 49 0 7 7 13 0 38 38 128 0 20 20 84 0 26 26 112 0 
38 38 49 0 7 7 13 0 38 38 128 0 20 20 84 0 26 26 112 0 
38 38 49 0 7 7 13 0 38 38 128 0 20 20 84 0 26 26 112 0 
38 38 49 0 7 7 13 0 38 38 128 0 20 20 84 0 26 26 112 0 
38 38 49 0 7 7 13 0 38 38 128 0 20 20 84 0 26 26 112 0 
38 38 49 0 8 7 15 1 38 38 128 0 20 20 84 0 26 26 112 0 
38 38 49 0 8 8 15 0 38 38 128 0 20 20 84 0 26 26 112 0 
38 38 49 0 8 8 15 0 38 38 128 0 20 20 84 0 26 26 112 0 
38 38 49 0 8 8 15 0 38 38 128 0 20 20 84 0 26 26 112 0 
39 38 50 1 8 8 15 0 39 38 129 1 20 20 84 0 26 26 112 0 
39 39 50 0 8 8 15 0 39 39 129 0 21 20 85 1 26 26 112 0 
39 39 50 0 8 8 15 0 39 39 129 0 21 21 85 0 27 26 126 1 
39 39 50 0 8 8 15 0 39 39 129 0 21 21 85 0 27 27 126 0 
39 39 50 0 8 8 15 0 39 39 129 0 21 21 85 0 27 27 126 0 
39 39 50 0 8 8 15 0 39 39 129 0 21 21 85 0 27 27 126 0 
39 39 50 0 8 8 15 0 39 39 129 0 21 21 85 0 27 27 126 0 
39 39 50 0 8 8 15 0 39 39 129 0 21 21 85 0 27 27 126 0 
39 39 50 0 8 8 15 0 39 39 129 0 21 21 85 0 27 27 126 0 
39 39 50 0 8 8 15 0 39 39 129 0 21 21 85 0 27 27 126 0 
40 39 51 1 8 8 15 0 40 39 130 1 21 21 85 0 27 27 126 0 
40 40 51 0 8 8 15 0 40 40 130 0 21 21 85 0 27 27 126 0 
40 40 51 0 8 8 15 0 40 40 130 0 21 21 85 0 27 27 126 0 
40 40 51 0 8 8 15 0 40 40 130 0 21 21 85 0 28 27 127 1 
40 40 51 0 8 8 15 0 40 40 130 0 21 21 85 0 28 28 127 0 
40 40 51 0 8 8 15 0 40 40 130 0 21 21 85 0 28 28 127 0 
40 40 51 0 8 8 15 0 40 40 130 0 21 21 85 0 28 28 127 0 
40 40 51 0 8 8 15 0 40 40 130 0 21 21 85 0 28 28 127 0 
40 40 51 0 8 8 15 0 40 40 130 0 21 21 85 0 28 28 127 0 
40 40 51 0 8 8 15 0 40 40 130 0 21 21 85 0 28 28 127 0 
40 40 51 0 8 8 15 0 40 40 130 0 21 21 85 0 28 28 127 0 
41 40 52 1 8 8 15 0 41 40 134 1 21 21 85 0 28 28 127 0 
41 41 52 0 8 8 15 0 41 41 134 0 21 21 85 0 28 28 127 0 
41 41 52 0 8 8 15 0 41 41 134 0 21 21 85 0 28 28 127 0 
41 41 52 0 8 8 15 0 41 41 134 0 21 21 85 0 28 28 127 0 
41 41 52 0 8 8 15 0 41 41 134 0 22 21 86 1 28 28 127 0 
41 41 52 0 8 8 15 0 41 41 134 0 22 22 86 0 28 28 127 0 
41 41 52 0 8 8 15 0 41 41 134 0 22 22 86 0 28 28 127 0 
41 41 52 0 8 8 15 0 41 41 134 0 22 22 86 0 28 28 127 0 
41 41 52 0 8 8 15 0 41 41 134 0 22 22 86 0 28 28 127 0 
41 41 52 0 8 8 15 0 41 41 134 0 22 22 86 0 28 28 127 0 
41 41 52 0 8 8 15 0 41 41 134 0 22 22 86 0 28 28 127 0 
41 41 52 0 8 8 15 0 41 41 134 0 22 22 86 0 29 28 128 1 
41 41 52 0 8 8 15 0 41 41 134 0 22 22 86 0 29 29 128 0 
41 41 52 0 8 8 15 0 41 41 134 0 22 22 86 0 29 29 128 0 
41 41 52 0 8 8 15 0 41 41 134 0 22 22 86 0 29 29 128 0 
41 41 52 0 8 8 15 0 41 41 134 0 22 22 86 0 29 29 128 0 
42 41 53 1 8 8 15 0 42 41 135 1 22 22 86 0 29 29 128 0 
42 42 53 0 8 8 15 0 42 42 135 0 22 22 86 0 29 29 128 0 
42 42 53 0 8 8 15 0 42 42 135 0 22 22 86 0 29 29 128 0 
42 42 53 0 8 8 15 0 42 42 135 0 22 22 86 0 29 29 128 0 
42 42 53 0 8 8 15 0 42 42 135 0 22 22 86 0 29 29 128 0 
42 42 53 0 8 8 15 0 42 42 135 0 22 22 86 0 29 29 128 0 
42 42 53 0 8 8 15 0 42 42 135 0 22 22 86 0 29 29 128 0 
42 42 53 0 8 8 15 0 42 42 135 0 22 22 86 0 29 29 128 0 
42 42 53 0 8 8 15 0 42 42 135 0 22 22 86 0 29 29 128 0 
42 42 53 0 8 8 15 0 42 42 135 0 22 22 86 0 29 29 128 0 
42 42 53 0 8 8 15 0 42 42 135 0 23 22 87 1 29 29 128 0 
42 42 53 0 8 8 15 0 42 42 135 0 23 23 87 0 29 29 128 0 
42 42 53 0 9 8 19 1 42 42 135 0 23 23 87 0 29 29 128 0 
42 42 53 0 9 9 19 0 42 42 135 0 23 23 87 0 29 29 128 0 
42 42 53 0 9 9 19 0 42 42 135 0 23 23 87 0 30 29 129 1 
42 42 53 0 9 9 19 0 42 42 135 0 23 23 87 0 30 30 129 0 
42 42 53 0 9 9 19 0 42 42 135 0 23 23 87 0 30 30 129 0 
42 42 53 0 9 9 19 0 42 42 135 0 23 23 87 0 30 30 129 0 
42 42 53 0 9 9 19 0 42 42 135 0 23 23 87 0 30 30 129 0 
42 42 53 0 9 9 19 0 42 42 135 0 23 23 87 0 30 30 129 0 
43 42 54 1 9 9 19 0 43 42 139 1 23 23 87 0 30 30 129 0 
43 43 54 0 9 9 19 0 43 43 139 0 23 23 87 0 30 30 129 0 
43 43 54 0 9 9 19 0 43 43 139 0 23 23 87 0 30 30 129 0 
43 43 54 0 9 9 19 0 43 43 139 0 23 23 87 0 31 30 131 1 
43 43 54 0 9 9 19 0 43 43 139 0 23 23 87 0 31 31 131 0 
43 43 54 0 9 9 19 0 43 43 139 0 23 23 87 0 31 31 131 0 
43 43 54 0 9 9 19 0 43 43 139 0 23 23 87 0 31 31 131 0 
43 43 54 0 9 9 19 0 43 43 139 0 23 23 87 0 31 31 131 0 
43 43 54 0 9 9 19 0 43 43 139 0 23 23 87 0 31 31 131 0 
43 43 54 0 9 9 19 0 43 43 139 0 23 23 87 0 31 31 131 0 
43 43 54 0 9 9 19 0 43 43 139 0 23 23 87 0 31 31 131 0 
43 43 54 0 9 9 19 0 43 43 139 0 24 23 90 1 31 31 131 0 
43 43 54 0 9 9 19 0 43 43 139 0 24 24 90 0 31 31 131 0 
44 43 55 1 9 9 19 0 44 43 141 1 24 24 90 0 31 31 131 0 
44 44 55 0 9 9 19 0 44 44 141 0 24 24 90 0 31 31 131 0 
44 44 55 0 9 9 19 0 44 44 141 0 24 24 90 0 31 31 131 0 
44 44 55 0 9 9 19 0 44 44 141 0 24 24 90 0 31 31 131 0 
44 44 55 0 9 9 19 0 44 44 141 0 24 24 90 0 32 31 132 1 
44 44 55 0 9 9 19 0 44 44 141 0 24 24 90 0 32 32 132 0 
44 44 55 0 9 9 19 0 44 44 141 0 24 24 90 0 32 32 132 0 
45 44 56 1 9 9 19 0 45 44 145 1 24 24 90 0 32 32 132 0 
45 45 56 0 9 9 19 0 45 45 145 0 24 24 90 0 32 32 132 0 
45 45 56 0 9 9 19 0 45 45 145 0 24 24 90 0 32 32 132 0 
45 45 56 0 9 9 19 0 45 45 145 0 24 24 90 0 32 32 132 0 
45 45 56 0 9 9 19 0 45 45 145 0 24 24 90 0 32 32 132 0 
45 45 56 0 9 9 19 0 45 45 145 0 24 24 90 0 32 32 132 0 
45 45 56 0 9 9 19 0 45 45 145 0 24 24 90 0 32 32 132 0 
45 45 56 0 9 9 19 0 45 45 145 0 24 24 90 0 32 32 132 0 
45 45 56 0 9 9 19 0 45 45 145 0 24 24 90 0 32 32 132 0 
45 45 56 0 9 9 19 0 45 45 145 0 24 24 90 0 33 32 133 1 
46 45 57 1 9 9 19 0 46 45 146 1 24 24 90 0 33 33 133 0 
46 46 57 0 10 9 20 1 46 46 146 0 24 24 90 0 33 33 133 0 
46 46 57 0 10 10 20 0 46 46 146 0 24 24 90 0 33 33 133 0 
46 46 57 0 10 10 20 0 46 46 146 0 24 24 90 0 33 33 133 0 
46 46 57 0 10 10 20 0 46 46 146 0 24 24 90 0 33 33 133 0 
46 46 57 0 10 10 20 0 46 46 146 0 25 24 101 1 33 33 133 0 
46 46 57 0 10 10 20 0 46 46 146 0 25 25 101 0 33 33 133 0 
46 46 57 0 10 10 20 0 46 46 146 0 25 25 101 0 33 33 133 0 
46 46 57 0 10 10 20 0 46 46 146 0 25 25 101 0 33 33 133 0 
46 46 57 0 10 10 20 0 46 46 146 0 25 25 101 0 33 33 133 0 
46 46 57 0 10 10 20 0 46 46 146 0 25 25 101 0 33 33 133 0 
46 46 57 0 10 10 20 0 46 46 146 0 25 25 101 0 33 33 133 0 
46 46 57 0 10 10 20 0 46 46 146 0 25 25 101 0 34 33 134 1 
46 46 57 0 10 10 20 0 46 46 146 0 25 25 101 0 34 34 134 0 
46 46 57 0 10 10 20 0 46 46 146 0 25 25 101 0 34 34 134 0 
46 46 57 0 10 10 20 0 46 46 146 0 25 25 101 0 34 34 134 0 
46 46 57 0 10 10 20 0 46 46 146 0 25 25 101 0 34 34 134 0 
46 46 57 0 10 10 20 0 46 46 146 0 25 25 101 0 34 34 134 0 
47 46 59 1 10 10 20 0 47 46 154 1 25 25 101 0 34 34 134 0 
47 47 59 0 10 10 20 0 47 47 154 0 25 25 101 0 34 34 134 0 
47 47 59 0 10 10 20 0 47 47 154 0 26 25 102 1 34 34 134 0 
47 47 59 0 10 10 20 0 47 47 154 0 26 26 102 0 34 34 134 0 
47 47 59 0 10 10 20 0 47 47 154 0 26 26 102 0 35 34 139 1 
47 47 59 0 10 10 20 0 47 47 154 0 26 26 102 0 35 35 139 0 
47 47 59 0 10 10 20 0 47 47 154 0 26 26 102 0 35 35 139 0 
47 47 59 0 10 10 20 0 47 47 154 0 26 26 102 0 35 35 139 0 
47 47 59 0 10 10 20 0 47 47 154 0 26 26 102 0 35 35 139 0 
47 47 59 0 10 10 20 0 47 47 154 0 26 26 102 0 35 35 139 0 
47 47 59 0 10 10 20 0 47 47 154 0 26 26 102 0 35 35 139 0 
47 47 59 0 10 10 20 0 47 47 154 0 26 26 102 0 35 35 139 0 
47 47 59 0 10 10 20 0 47 47 154 0 26 26 102 0 35 35 139 0 
48 47 62 1 10 10 20 0 48 47 165 1 26 26 102 0 35 35 139 0 
48 48 62 0 10 10 20 0 48 48 165 0 26 26 102 0 35 35 139 0 
48 48 62 0 10 10 20 0 48 48 165 0 26 26 102 0 35 35 139 0 
48 48 62 0 10 10 20 0 48 48 165 0 26 26 102 0 35 35 139 0 
48 48 62 0 10 10 20 0 48 48 165 0 26 26 102 0 35 35 139 0 
48 48 62 0 10 10 20 0 48 48 165 0 26 26 102 0 35 35 139 0 
48 48 62 0 10 10 20 0 48 48 165 0 26 26 102 0 35 35 139 0 
48 48 62 0 10 10 20 0 48 48 165 0 26 26 102 0 35 35 139 0 
48 48 62 0 10 10 20 0 48 48 165 0 26 26 102 0 35 35 139 0 
48 48 62 0 10 10 20 0 48 48 165 0 26 26 102 0 35 35 139 0 
48 48 62 0 10 10 20 0 48 48 165 0 26 26 102 0 35 35 139 0 
49 48 63 1 10 10 20 0 49 48 166 1 26 26 102 0 35 35 139 0 
49 49 63 0 10 10 20 0 49 49 166 0 26 26 102 0 35 35 139 0 
49 49 63 0 10 10 20 0 49 49 166 0 27 26 103 1 35 35 139 0 
49 49 63 0 10 10 20 0 49 49 166 0 27 27 103 0 36 35 140 1 
49 49 63 0 10 10 20 0 49 49 166 0 27 27 103 0 36 36 140 0 
49 49 63 0 10 10 20 0 49 49 166 0 27 27 103 0 36 36 140 0 
49 49 63 0 10 10 20 0 49 49 166 0 27 27 103 0 36 36 140 0 
49 49 63 0 10 10 20 0 49 49 166 0 27 27 103 0 36 36 140 0 
49 49 63 0 10 10 20 0 49 49 166 0 27 27 103 0 36 36 140 0 
49 49 63 0 10 10 20 0 49 49 166 0 27 27 103 0 36 36 140 0 
49 49 63 0 10 10 20 0 49 49 166 0 27 27 103 0 36 36 140 0 
49 49 63 0 10 10 20 0 49 49 166 0 27 27 103 0 36 36 140 0 
49 49 63 0 10 10 20 0 49 49 166 0 27 27 103 0 36 36 140 0 
49 49 63 0 10 10 20 0 49 49 166 0 27 27 103 0 36 36 140 0 
49 49 63 0 10 10 20 0 49 49 166 0 27 27 103 0 36 36 140 0 
49 49 63 0 10 10 20 0 49 49 166 0 27 27 103 0 36 36 140 0 
49 49 63 0 10 10 20 0 49 49 166 0 27 27 103 0 37 36 148 1 
50 49 64 1 10 10 20 0 50 49 169 1 27 27 103 0 37 37 148 0 
50 50 64 0 11 10 21 1 50 50 169 0 27 27 103 0 37 37 148 0 
50 50 64 0 11 11 21 0 50 50 169 0 27 27 103 0 37 37 148 0 
50 50 64 0 11 11 21 0 50 50 169 0 27 27 103 0 37 37 148 0 
50 50 64 0 11 11 21 0 50 50 169 0 27 27 103 0 37 37 148 0 
50 50 64 0 11 11 21 0 50 50 169 0 27 27 103 0 37 37 148 0 
50 50 64 0 11 11 21 0 50 50 169 0 27 27 103 0 37 37 148 0 
50 50 64 0 11 11 21 0 50 50 169 0 27 27 103 0 37 37 148 0 
50 50 64 0 11 11 21 0 50 50 169 0 27 27 103 0 37 37 148 0 
50 50 64 0 11 11 21 0 50 50 169 0 28 27 104 1 37 37 148 0 
50 50 64 0 11 11 21 0 50 50 169 0 28 28 104 0 37 37 148 0 
50 50 64 0 11 11 21 0 50 50 169 0 28 28 104 0 37 37 148 0 
50 50 64 0 11 11 21 0 50 50 169 0 28 28 104 0 37 37 148 0 
50 50 64 0 11 11 21 0 50 50 169 0 28 28 104 0 37 37 148 0 
51 50 65 1 11 11 21 0 51 50 171 1 28 28 104 0 37 37 148 0 
51 51 65 0 11 11 21 0 51 51 171 0 28 28 104 0 37 37 148 0 
51 51 65 0 11 11 21 0 51 51 171 0 28 28 104 0 37 37 148 0 
51 51 65 0 11 11 21 0 51 51 171 0 28 28 104 0 37 37 148 0 
51 51 65 0 11 11 21 0 51 51 171 0 28 28 104 0 38 37 150 1 
51 51 65 0 11 11 21 0 51 51 171 0 28 28 104 0 38 38 150 0 
51 51 65 0 11 11 21 0 51 51 171 0 28 28 104 0 38 38 150 0 
51 51 65 0 11 11 21 0 51 51 171 0 28 28 104 0 38 38 150 0 
51 51 65 0 11 11 21 0 51 51 171 0 29 28 105 1 38 38 150 0 
51 51 65 0 11 11 21 0 51 51 171 0 29 29 105 0 38 38 150 0 
52 51 66 1 11 11 21 0 52 51 175 1 29 29 105 0 38 38 150 0 
52 52 66 0 11 11 21 0 52 52 175 0 29 29 105 0 38 38 150 0 
52 52 66 0 11 11 21 0 52 52 175 0 29 29 105 0 38 38 150 0 
52 52 66 0 11 11 21 0 52 52 175 0 29 29 105 0 38 38 150 0 
52 52 66 0 11 11 21 0 52 52 175 0 29 29 105 0 38 38 150 0 
52 52 66 0 11 11 21 0 52 52 175 0 29 29 105 0 38 38 150 0 
52 52 66 0 11 11 21 0 52 52 175 0 29 29 105 0 39 38 156 1 
52 52 66 0 11 11 21 0 52 52 175 0 29 29 105 0 39 39 156 0 
52 52 66 0 11 11 21 0 52 52 175 0 29 29 105 0 39 39 156 0 
52 52 66 0 11 11 21 0 52 52 175 0 29 29 105 0 39 39 156 0 
52 52 66 0 11 11 21 0 52 52 175 0 29 29 105 0 39 39 156 0 
53 52 68 1 11 11 21 0 53 52 181 1 29 29 105 0 39 39 156 0 
53 53 68 0 11 11 21 0 53 53 181 0 29 29 105 0 39 39 156 0 
53 53 68 0 11 11 21 0 53 53 181 0 29 29 105 0 39 39 156 0 
53 53 68 0 11 11 21 0 53 53 181 0 29 29 105 0 39 39 156 0 
53 53 68 0 11 11 21 0 53 53 181 0 29 29 105 0 39 39 156 0 
53 53 68 0 11 11 21 0 53 53 181 0 29 29 105 0 39 39 156 0 
53 53 68 0 11 11 21 0 53 53 181 0 30 29 109 1 39 39 156 0 
53 53 68 0 11 11 21 0 53 53 181 0 30 30 109 0 39 39 156 0 
53 53 68 0 11 11 21 0 53 53 181 0 30 30 109 0 39 39 156 0 
53 53 68 0 11 11 21 0 53 53 181 0 30 30 109 0 39 39 156 0 
53 53 68 0 11 11 21 0 53 53 181 0 30 30 109 0 39 39 156 0 
53 53 68 0 11 11 21 0 53 53 181 0 30 30 109 0 39 39 156 0 
53 53 68 0 11 11 21 0 53 53 181 0 30 30 109 0 39 39 156 0 
53 53 68 0 11 11 21 0 53 53 181 0 30 30 109 0 39 39 156 0 
54 53 69 1 11 11 21 0 54 53 183 1 30 30 109 0 40 39 164 1 
54 54 69 0 11 11 21 0 54 54 183 0 30 30 109 0 40 40 164 0 
54 54 69 0 11 11 21 0 54 54 183 0 30 30 109 0 40 40 164 0 
54 54 69 0 11 11 21 0 54 54 183 0 30 30 109 0 40 40 164 0 
54 54 69 0 11 11 21 0 54 54 183 0 30 30 109 0 40 40 164 0 
54 54 69 0 11 11 21 0 54 54 183 0 30 30 109 0 40 40 164 0 
54 54 69 0 11 11 21 0 54 54 183 0 30 30 109 0 40 40 164 0 
54 54 69 0 11 11 21 0 54 54 183 0 30 30 109 0 40 40 164 0 
54 54 69 0 11 11 21 0 54 54 183 0 30 30 109 0 40 40 164 0 
54 54 69 0 11 11 21 0 54 54 183 0 31 30 110 1 40 40 164 0 
54 54 69 0 11 11 21 0 54 54 183 0 31 31 110 0 40 40 164 0 
54 54 69 0 11 11 21 0 54 54 183 0 31 31 110 0 41 40 169 1 
54 54 69 0 11 11 21 0 54 54 183 0 31 31 110 0 41 41 169 0 
54 54 69 0 11 11 21 0 54 54 183 0 31 31 110 0 41 41 169 0 
54 54 69 0 11 11 21 0 54 54 183 0 31 31 110 0 41 41 169 0 
55 54 70 1 11 11 21 0 55 54 184 1 31 31 110 0 41 41 169 0 
55 55 70 0 11 11 21 0 55 55 184 0 31 31 110 0 41 41 169 0 
55 55 70 0 11 11 21 0 55 55 184 0 31 31 110 0 41 41 169 0 
55 55 70 0 11 11 21 0 55 55 184 0 31 31 110 0 41 41 169 0 
55 55 70 0 11 11 21 0 55 55 184 0 31 31 110 0 41 41 169 0 
55 55 70 0 11 11 21 0 55 55 184 0 31 31 110 0 41 41 169 0 
55 55 70 0 11 11 21 0 55 55 184 0 31 31 110 0 41 41 169 0 
55 55 70 0 12 11 22 1 55 55 184 0 31 31 110 0 41 41 169 0 
55 55 70 0 12 12 22 0 55 55 184 0 31 31 110 0 41 41 169 0 
55 55 70 0 12 12 22 0 55 55 184 0 31 31 110 0 41 41 169 0 
55 55 70 0 12 12 22 0 55 55 184 0 31 31 110 0 41 41 169 0 
55 55 70 0 12 12 22 0 55 55 184 0 32 31 111 1 42 41 174 1 
55 55 70 0 12 12 22 0 55 55 184 0 32 32 111 0 42 42 174 0 
55 55 70 0 12 12 22 0 55 55 184 0 32 32 111 0 42 42 174 0 
56 55 72 1 12 12 22 0 56 55 191 1 32 32 111 0 42 42 174 0 
56 56 72 0 12 12 22 0 56 56 191 0 32 32 111 0 42 42 174 0 
56 56 72 0 12 12 22 0 56 56 191 0 32 32 111 0 42 42 174 0 
56 56 72 0 12 12 22 0 56 56 191 0 32 32 111 0 43 42 180 1 
56 56 72 0 12 12 22 0 56 56 191 0 32 32 111 0 43 43 180 0 
56 56 72 0 12 12 22 0 56 56 191 0 32 32 111 0 43 43 180 0 
56 56 72 0 12 12 22 0 56 56 191 0 32 32 111 0 43 43 180 0 
56 56 72 0 12 12 22 0 56 56 191 0 32 32 111 0 43 43 180 0 
57 56 74 1 12 12 22 0 57 56 197 1 32 32 111 0 43 43 180 0 
57 57 74 0 12 12 22 0 57 57 197 0 32 32 111 0 43 43 180 0 
57 57 74 0 12 12 22 0 57 57 197 0 32 32 111 0 43 43 180 0 
57 57 74 0 12 12 22 0 57 57 197 0 32 32 111 0 43 43 180 0 
57 57 74 0 12 12 22 0 57 57 197 0 33 32 112 1 43 43 180 0 
57 57 74 0 12 12 22 0 57 57 197 0 33 33 112 0 43 43 180 0 
57 57 74 0 12 12 22 0 57 57 197 0 33 33 112 0 43 43 180 0 
57 57 74 0 12 12 22 0 57 57 197 0 33 33 112 0 43 43 180 0 
57 57 74 0 12 12 22 0 57 57 197 0 33 33 112 0 43 43 180 0 
57 57 74 0 12 12 22 0 57 57 197 0 33 33 112 0 44 43 189 1 
57 57 74 0 12 12 22 0 57 57 197 0 33 33 112 0 44 44 189 0 
57 57 74 0 12 12 22 0 57 57 197 0 33 33 112 0 44 44 189 0 
57 57 74 0 12 12 22 0 57 57 197 0 33 33 112 0 44 44 189 0 
57 57 74 0 12 12 22 0 57 57 197 0 33 33 112 0 44 44 189 0 
58 57 75 1 12 12 22 0 58 57 198 1 33 33 112 0 44 44 189 0 
58 58 75 0 12 12 22 0 58 58 198 0 33 33 112 0 44 44 189 0 
58 58 75 0 12 12 22 0 58 58 198 0 33 33 112 0 44 44 189 0 
58 58 75 0 12 12 22 0 58 58 198 0 33 33 112 0 44 44 189 0 
58 58 75 0 12 12 22 0 58 58 198 0 33 33 112 0 44 44 189 0 
58 58 75 0 12 12 22 0 58 58 198 0 33 33 112 0 44 44 189 0 
58 58 75 0 12 12 22 0 58 58 198 0 33 33 112 0 44 44 189 0 
58 58 75 0 12 12 22 0 58 58 198 0 33 33 112 0 44 44 189 0 
58 58 75 0 12 12 22 0 58 58 198 0 34 33 113 1 44 44 189 0 
59 58 76 1 12 12 22 0 59 58 203 1 34 34 113 0 44 44 189 0 
59 59 76 0 12 12 22 0 59 59 203 0 34 34 113 0 44 44 189 0 
59 59 76 0 12 12 22 0 59 59 203 0 34 34 113 0 44 44 189 0 
59 59 76 0 12 12 22 0 59 59 203 0 34 34 113 0 44 44 189 0 
59 59 76 0 12 12 22 0 59 59 203 0 34 34 113 0 44 44 189 0 
59 59 76 0 12 12 22 0 59 59 203 0 34 34 113 0 45 44 201 1 
59 59 76 0 12 12 22 0 59 59 203 0 34 34 113 0 45 45 201 0 
59 59 76 0 12 12 22 0 59 59 203 0 34 34 113 0 45 45 201 0 
59 59 76 0 12 12 22 0 59 59 203 0 34 34 113 0 45 45 201 0 
59 59 76 0 12 12 22 0 59 59 203 0 34 34 113 0 45 45 201 0 
59 59 76 0 12 12 22 0 59 59 203 0 34 34 113 0 45 45 201 0 
59 59 76 0 12 12 22 0 59 59 203 0 34 34 113 0 45 45 201 0 
59 59 76 0 13 12 23 1 59 59 203 0 34 34 113 0 45 45 201 0 
59 59 76 0 13 13 23 0 59 59 203 0 35 34 118 1 45 45 201 0 
59 59 76 0 13 13 23 0 59 59 203 0 35 35 118 0 45 45 201 0 
59 59 76 0 13 13 23 0 59 59 203 0 35 35 118 0 45 45 201 0 
60 59 77 1 13 13 23 0 60 59 205 1 35 35 118 0 45 45 201 0 
60 60 77 0 13 13 23 0 60 60 205 0 35 35 118 0 45 45 201 0 
60 60 77 0 13 13 23 0 60 60 205 0 35 35 118 0 46 45 210 1 
60 60 77 0 13 13 23 0 60 60 205 0 35 35 118 0 46 46 210 0 
60 60 77 0 13 13 23 0 60 60 205 0 35 35 118 0 46 46 210 0 
60 60 77 0 13 13 23 0 60 60 205 0 35 35 118 0 46 46 210 0 
60 60 77 0 13 13 23 0 60 60 205 0 35 35 118 0 46 46 210 0 
60 60 77 0 13 13 23 0 60 60 205 0 35 35 118 0 46 46 210 0 
60 60 77 0 13 13 23 0 60 60 205 0 35 35 118 0 46 46 210 0 
60 60 77 0 13 13 23 0 60 60 205 0 35 35 118 0 46 46 210 0 
61 60 78 1 13 13 23 0 61 60 207 1 35 35 118 0 46 46 210 0 
61 61 78 0 13 13 23 0 61 61 207 0 35 35 118 0 46 46 210 0 
61 61 78 0 13 13 23 0 61 61 207 0 35 35 118 0 46 46 210 0 
61 61 78 0 13 13 23 0 61 61 207 0 35 35 118 0 46 46 210 0 
61 61 78 0 13 13 23 0 61 61 207 0 35 35 118 0 46 46 210 0 
61 61 78 0 13 13 23 0 61 61 207 0 35 35 118 0 46 46 210 0 
61 61 78 0 13 13 23 0 61 61 207 0 36 35 120 1 46 46 210 0 
61 61 78 0 13 13 23 0 61 61 207 0 36 36 120 0 46 46 210 0 
62 61 79 1 13 13 23 0 62 61 208 1 36 36 120 0 46 46 210 0 
62 62 79 0 13 13 23 0 62 62 208 0 36 36 120 0 46 46 210 0 
62 62 79 0 13 13 23 0 62 62 208 0 36 36 120 0 47 46 224 1 
62 62 79 0 13 13 23 0 62 62 208 0 36 36 120 0 47 47 224 0 
62 62 79 0 13 13 23 0 62 62 208 0 36 36 120 0 47 47 224 0 
63 62 80 1 13 13 23 0 63 62 211 1 36 36 120 0 47 47 224 0 
63 63 80 0 13 13 23 0 63 63 211 0 36 36 120 0 47 47 224 0 
63 63 80 0 13 13 23 0 63 63 211 0 36 36 120 0 47 47 224 0 
63 63 80 0 13 13 23 0 63 63 211 0 36 36 120 0 47 47 224 0 
63 63 80 0 13 13 23 0 63 63 211 0 36 36 120 0 47 47 224 0 
63 63 80 0 13 13 23 0 63 63 211 0 36 36 120 0 47 47 224 0 
63 63 80 0 13 13 23 0 63 63 211 0 36 36 120 0 47 47 224 0 
63 63 80 0 14 13 25 1 63 63 211 0 36 36 120 0 47 47 224 0 
64 63 81 1 14 14 25 0 64 63 214 1 36 36 120 0 47 47 224 0 
64 64 81 0 14 14 25 0 64 64 214 0 36 36 120 0 47 47 224 0 
64 64 81 0 14 14 25 0 64 64 214 0 37 36 124 1 47 47 224 0 
64 64 81 0 14 14 25 0 64 64 214 0 37 37 124 0 47 47 224 0 
64 64 81 0 14 14 25 0 64 64 214 0 37 37 124 0 47 47 224 0 
64 64 81 0 14 14 25 0 64 64 214 0 37 37 124 0 47 47 224 0 
64 64 81 0 14 14 25 0 64 64 214 0 37 37 124 0 48 47 235 1 
64 64 81 0 14 14 25 0 64 64 214 0 37 37 124 0 48 48 235 0 
64 64 81 0 14 14 25 0 64 64 214 0 37 37 124 0 48 48 235 0 
64 64 81 0 14 14 25 0 64 64 214 0 37 37 124 0 48 48 235 0 
64 64 81 0 14 14 25 0 64 64 214 0 37 37 124 0 48 48 235 0 
64 64 81 0 14 14 25 0 64 64 214 0 37 37 124 0 48 48 235 0 
64 64 81 0 14 14 25 0 64 64 214 0 37 37 124 0 48 48 235 0 
64 64 81 0 14 14 25 0 64 64 214 0 37 37 124 0 48 48 235 0 
64 64 81 0 14 14 25 0 64 64 214 0 37 37 124 0 48 48 235 0 
64 64 81 0 14 14 25 0 64 64 214 0 37 37 124 0 48 48 235 0 
65 64 82 1 14 14 25 0 65 64 218 1 37 37 124 0 48 48 235 0 
65 65 82 0 14 14 25 0 65 65 218 0 37 37 124 0 49 48 245 1 
65 65 82 0 14 14 25 0 65 65 218 0 37 37 124 0 49 49 245 0 
65 65 82 0 14 14 25 0 65 65 218 0 37 37 124 0 49 49 245 0 
65 65 82 0 14 14 25 0 65 65 218 0 37 37 124 0 49 49 245 0 
65 65 82 0 14 14 25 0 65 65 218 0 37 37 124 0 49 49 245 0 
66 65 83 1 14 14 25 0 66 65 220 1 37 37 124 0 49 49 245 0 
66 66 83 0 14 14 25 0 66 66 220 0 37 37 124 0 49 49 245 0 
66 66 83 0 14 14 25 0 66 66 220 0 37 37 124 0 49 49 245 0 
66 66 83 0 14 14 25 0 66 66 220 0 37 37 124 0 49 49 245 0 
66 66 83 0 14 14 25 0 66 66 220 0 37 37 124 0 49 49 245 0 
66 66 83 0 14 14 25 0 66 66 220 0 37 37 124 0 49 49 245 0 
66 66 83 0 14 14 25 0 66 66 220 0 37 37 124 0 49 49 245 0 
67 66 84 1 14 14 25 0 67 66 221 1 37 37 124 0 49 49 245 0 
67 67 84 0 14 14 25 0 67 67 221 0 37 37 124 0 50 49 254 1 
67 67 84 0 14 14 25 0 67 67 221 0 38 37 125 1 50 50 254 0 
67 67 84 0 14 14 25 0 67 67 221 0 38 38 125 0 50 50 254 0 
67 67 84 0 14 14 25 0 67 67 221 0 38 38 125 0 50 50 254 0 
67 67 84 0 14 14 25 0 67 67 221 0 38 38 125 0 50 50 254 0 
67 67 84 0 14 14 25 0 67 67 221 0 38 38 125 0 50 50 254 0 
67 67 84 0 14 14 25 0 67 67 221 0 38 38 125 0 50 50 254 0 
67 67 84 0 14 14 25 0 67 67 221 0 38 38 125 0 50 50 254 0 
67 67 84 0 14 14 25 0 67 67 221 0 38 38 125 0 50 50 254 0 
67 67 84 0 14 14 25 0 67 67 221 0 38 38 125 0 50 50 254 0 
67 67 84 0 14 14 25 0 67 67 221 0 38 38 125 0 50 50 254 0 
68 67 85 1 14 14 25 0 68 67 223 1 38 38 125 0 50 50 254 0 
68 68 85 0 14 14 25 0 68 68 223 0 38 38 125 0 50 50 254 0 
68 68 85 0 15 14 26 1 68 68 223 0 38 38 125 0 50 50 254 0 
68 68 85 0 15 15 26 0 68 68 223 0 38 38 125 0 50 50 254 0 
68 68 85 0 15 15 26 0 68 68 223 0 38 38 125 0 50 50 254 0 
68 68 85 0 15 15 26 0 68 68 223 0 38 38 125 0 50 50 254 0 
68 68 85 0 15 15 26 0 68 68 223 0 38 38 125 0 50 50 254 0 
68 68 85 0 15 15 26 0 68 68 223 0 38 38 125 0 50 50 254 0 
68 68 85 0 15 15 26 0 68 68 223 0 38 38 125 0 50 50 254 0 
68 68 85 0 15 15 26 0 68 68 223 0 38 38 125 0 50 50 254 0 
68 68 85 0 15 15 26 0 68 68 223 0 38 38 125 0 51 50 263 1 
69 68 86 1 15 15 26 0 69 68 226 1 38 38 125 0 51 51 263 0 
69 69 86 0 15 15 26 0 69 69 226 0 38 38 125 0 51 51 263 0 
69 69 86 0 15 15 26 0 69 69 226 0 38 38 125 0 51 51 263 0 
69 69 86 0 15 15 26 0 69 69 226 0 38 38 125 0 51 51 263 0 
69 69 86 0 15 15 26 0 69 69 226 0 38 38 125 0 51 51 263 0 
69 69 86 0 15 15 26 0 69 69 226 0 39 38 131 1 51 51 263 0 
69 69 86 0 15 15 26 0 69 69 226 0 39 39 131 0 51 51 263 0 
69 69 86 0 15 15 26 0 69 69 226 0 39 39 131 0 51 51 263 0 
69 69 86 0 15 15 26 0 69 69 226 0 39 39 131 0 51 51 263 0 
69 69 86 0 15 15 26 0 69 69 226 0 39 39 131 0 51 51 263 0 
69 69 86 0 15 15 26 0 69 69 226 0 39 39 131 0 51 51 263 0 
69 69 86 0 15 15 26 0 69 69 226 0 39 39 131 0 51 51 263 0 
70 69 87 1 15 15 26 0 70 69 227 1 39 39 131 0 51 51 263 0 
70 70 87 0 15 15 26 0 70 70 227 0 39 39 131 0 52 51 269 1 
70 70 87 0 15 15 26 0 70 70 227 0 39 39 131 0 52 52 269 0 
70 70 87 0 15 15 26 0 70 70 227 0 39 39 131 0 52 52 269 0 
70 70 87 0 15 15 26 0 70 70 227 0 39 39 131 0 52 52 269 0 
70 70 87 0 15 15 26 0 70 70 227 0 39 39 131 0 52 52 269 0 
70 70 87 0 15 15 26 0 70 70 227 0 39 39 131 0 52 52 269 0 
70 70 87 0 15 15 26 0 70 70 227 0 39 39 131 0 52 52 269 0 
70 70 87 0 15 15 26 0 70 70 227 0 39 39 131 0 52 52 269 0 
70 70 87 0 15 15 26 0 70 70 227 0 39 39 131 0 52 52 269 0 
70 70 87 0 15 15 26 0 70 70 227 0 39 39 131 0 52 52 269 0 
70 70 87 0 15 15 26 0 70 70 227 0 39 39 131 0 52 52 269 0 
70 70 87 0 15 15 26 0 70 70 227 0 39 39 131 0 52 52 269 0 
70 70 87 0 15 15 26 0 70 70 227 0 39 39 131 0 52 52 269 0 
70 70 87 0 15 15 26 0 70 70 227 0 39 39 131 0 52 52 269 0 
71 70 88 1 15 15 26 0 71 70 231 1 39 39 131 0 52 52 269 0 
71 71 88 0 15 15 26 0 71 71 231 0 39 39 131 0 52 52 269 0 
71 71 88 0 15 15 26 0 71 71 231 0 39 39 131 0 53 52 272 1 
71 71 88 0 15 15 26 0 71 71 231 0 40 39 133 1 53 53 272 0 
71 71 88 0 15 15 26 0 71 71 231 0 40 40 133 0 53 53 272 0 
71 71 88 0 15 15 26 0 71 71 231 0 40 40 133 0 53 53 272 0 
71 71 88 0 15 15 26 0 71 71 231 0 40 40 133 0 53 53 272 0 
71 71 88 0 15 15 26 0 71 71 231 0 40 40 133 0 53 53 272 0 
71 71 88 0 15 15 26 0 71 71 231 0 40 40 133 0 53 53 272 0 
71 71 88 0 15 15 26 0 71 71 231 0 40 40 133 0 53 53 272 0 
71 71 88 0 15 15 26 0 71 71 231 0 40 40 133 0 53 53 272 0 
72 71 90 1 16 15 27 1 72 71 239 1 40 40 133 0 53 53 272 0 
72 72 90 0 16 16 27 0 72 72 239 0 40 40 133 0 53 53 272 0 
72 72 90 0 16 16 27 0 72 72 239 0 40 40 133 0 53 53 272 0 
72 72 90 0 16 16 27 0 72 72 239 0 40 40 133 0 53 53 272 0 
72 72 90 0 16 16 27 0 72 72 239 0 40 40 133 0 53 53 272 0 
72 72 90 0 16 16 27 0 72 72 239 0 40 40 133 0 53 53 272 0 
72 72 90 0 16 16 27 0 72 72 239 0 40 40 133 0 53 53 272 0 
72 72 90 0 16 16 27 0 72 72 239 0 40 40 133 0 53 53 272 0 
72 72 90 0 16 16 27 0 72 72 239 0 40 40 133 0 53 53 272 0 
72 72 90 0 16 16 27 0 72 72 239 0 41 40 137 1 53 53 272 0 
72 72 90 0 16 16 27 0 72 72 239 0 41 41 137 0 54 53 275 1 
72 72 90 0 16 16 27 0 72 72 239 0 41 41 137 0 54 54 275 0 
72 72 90 0 16 16 27 0 72 72 239 0 41 41 137 0 54 54 275 0 
72 72 90 0 16 16 27 0 72 72 239 0 41 41 137 0 54 54 275 0 
73 72 91 1 16 16 27 0 73 72 240 1 41 41 137 0 54 54 275 0 
73 73 91 0 16 16 27 0 73 73 240 0 41 41 137 0 54 54 275 0 
73 73 91 0 16 16 27 0 73 73 240 0 41 41 137 0 54 54 275 0 
73 73 91 0 16 16 27 0 73 73 240 0 41 41 137 0 54 54 275 0 
73 73 91 0 16 16 27 0 73 73 240 0 41 41 137 0 54 54 275 0 
73 73 91 0 16 16 27 0 73 73 240 0 41 41 137 0 54 54 275 0 
73 73 91 0 16 16 27 0 73 73 240 0 41 41 137 0 54 54 275 0 
73 73 91 0 16 16 27 0 73 73 240 0 41 41 137 0 54 54 275 0 
73 73 91 0 16 16 27 0 73 73 240 0 41 41 137 0 54 54 275 0 
73 73 91 0 16 16 27 0 73 73 240 0 41 41 137 0 55 54 281 1 
73 73 91 0 16 16 27 0 73 73 240 0 41 41 137 0 55 55 281 0 
73 73 91 0 16 16 27 0 73 73 240 0 41 41 137 0 55 55 281 0 
73 73 91 0 16 16 27 0 73 73 240 0 41 41 137 0 55 55 281 0 
73 73 91 0 16 16 27 0 73 73 240 0 41 41 137 0 55 55 281 0 
73 73 91 0 16 16 27 0 73 73 240 0 41 41 137 0 55 55 281 0 
73 73 91 0 16 16 27 0 73 73 240 0 41 41 137 0 55 55 281 0 
73 73 91 0 16 16 27 0 73 73 240 0 41 41 137 0 55 55 281 0 
73 73 91 0 16 16 27 0 73 73 240 0 41 41 137 0 55 55 281 0 
73 73 91 0 16 16 27 0 73 73 240 0 41 41 137 0 55 55 281 0 
74 73 92 1 16 16 27 0 74 73 243 1 42 41 144 1 55 55 281 0 
74 74 92 0 16 16 27 0 74 74 243 0 42 42 144 0 55 55 281 0 
74 74 92 0 16 16 27 0 74 74 243 0 42 42 144 0 55 55 281 0 
74 74 92 0 16 16 27 0 74 74 243 0 42 42 144 0 55 55 281 0 
74 74 92 0 16 16 27 0 74 74 243 0 42 42 144 0 55 55 281 0 
74 74 92 0 16 16 27 0 74 74 243 0 42 42 144 0 56 55 289 1 
74 74 92 0 16 16 27 0 74 74 243 0 42 42 144 0 56 56 289 0 
74 74 92 0 16 16 27 0 74 74 243 0 42 42 144 0 56 56 289 0 
74 74 92 0 16 16 27 0 74 74 243 0 42 42 144 0 56 56 289 0 
74 74 92 0 16 16 27 0 74 74 243 0 42 42 144 0 56 56 289 0 
74 74 92 0 16 16 27 0 74 74 243 0 42 42 144 0 56 56 289 0 
74 74 92 0 16 16 27 0 74 74 243 0 42 42 144 0 56 56 289 0 
74 74 92 0 16 16 27 0 74 74 243 0 42 42 144 0 56 56 289 0 
74 74 92 0 17 16 28 1 74 74 243 0 42 42 144 0 56 56 289 0 
75 74 93 1 17 17 28 0 75 74 244 1 42 42 144 0 56 56 289 0 
75 75 93 0 17 17 28 0 75 75 244 0 42 42 144 0 56 56 289 0 
75 75 93 0 17 17 28 0 75 75 244 0 43 42 148 1 56 56 289 0 
75 75 93 0 17 17 28 0 75 75 244 0 43 43 148 0 56 56 289 0 
75 75 93 0 17 17 28 0 75 75 244 0 43 43 148 0 56 56 289 0 
75 75 93 0 17 17 28 0 75 75 244 0 43 43 148 0 56 56 289 0 
75 75 93 0 17 17 28 0 75 75 244 0 43 43 148 0 56 56 289 0 
75 75 93 0 17 17 28 0 75 75 244 0 43 43 148 0 56 56 289 0 
75 75 93 0 17 17 28 0 75 75 244 0 43 43 148 0 56 56 289 0 
75 75 93 0 17 17 28 0 75 75 244 0 43 43 148 0 56 56 289 0 
75 75 93 0 17 17 28 0 75 75 244 0 43 43 148 0 56 56 289 0 
75 75 93 0 17 17 28 0 75 75 244 0 43 43 148 0 56 56 289 0 
76 75 94 1 17 17 28 0 76 75 245 1 43 43 148 0 56 56 289 0 
76 76 94 0 17 17 28 0 76 76 245 0 43 43 148 0 57 56 290 1 
76 76 94 0 17 17 28 0 76 76 245 0 43 43 148 0 57 57 290 0 
77 76 95 1 17 17 28 0 77 76 248 1 43 43 148 0 57 57 290 0 
77 77 95 0 17 17 28 0 77 77 248 0 43 43 148 0 57 57 290 0 
77 77 95 0 17 17 28 0 77 77 248 0 43 43 148 0 57 57 290 0 
77 77 95 0 17 17 28 0 77 77 248 0 43 43 148 0 57 57 290 0 
77 77 95 0 17 17 28 0 77 77 248 0 43 43 148 0 57 57 290 0 
77 77 95 0 17 17 28 0 77 77 248 0 43 43 148 0 57 57 290 0 
77 77 95 0 17 17 28 0 77 77 248 0 43 43 148 0 57 57 290 0 
77 77 95 0 17 17 28 0 77 77 248 0 44 43 152 1 57 57 290 0 
77 77 95 0 17 17 28 0 77 77 248 0 44 44 152 0 57 57 290 0 
77 77 95 0 17 17 28 0 77 77 248 0 44 44 152 0 57 57 290 0 
77 77 95 0 17 17 28 0 77 77 248 0 44 44 152 0 57 57 290 0 
78 77 96 1 17 17 28 0 78 77 253 1 44 44 152 0 57 57 290 0 
78 78 96 0 17 17 28 0 78 78 253 0 44 44 152 0 57 57 290 0 
78 78 96 0 17 17 28 0 78 78 253 0 44 44 152 0 57 57 290 0 
78 78 96 0 17 17 28 0 78 78 253 0 44 44 152 0 57 57 290 0 
78 78 96 0 17 17 28 0 78 78 253 0 44 44 152 0 57 57 290 0 
78 78 96 0 17 17 28 0 78 78 253 0 45 44 157 1 58 57 291 1 
78 78 96 0 17 17 28 0 78 78 253 0 45 45 157 0 58 58 291 0 
78 78 96 0 17 17 28 0 78 78 253 0 45 45 157 0 58 58 291 0 
78 78 96 0 17 17 28 0 78 78 253 0 45 45 157 0 58 58 291 0 
78 78 96 0 17 17 28 0 78 78 253 0 45 45 157 0 58 58 291 0 
79 78 97 1 17 17 28 0 79 78 254 1 45 45 157 0 58 58 291 0 
79 79 97 0 17 17 28 0 79 79 254 0 45 45 157 0 58 58 291 0 
79 79 97 0 17 17 28 0 79 79 254 0 45 45 157 0 58 58 291 0 
79 79 97 0 17 17 28 0 79 79 254 0 45 45 157 0 58 58 291 0 
79 79 97 0 17 17 28 0 79 79 254 0 45 45 157 0 58 58 291 0 
79 79 97 0 17 17 28 0 79 79 254 0 45 45 157 0 58 58 291 0 
79 79 97 0 17 17 28 0 79 79 254 0 45 45 157 0 58 58 291 0 
79 79 97 0 17 17 28 0 79 79 254 0 45 45 157 0 58 58 291 0 
79 79 97 0 17 17 28 0 79 79 254 0 45 45 157 0 59 58 298 1 
80 79 98 1 17 17 28 0 80 79 255 1 45 45 157 0 59 59 298 0 
80 80 98 0 17 17 28 0 80 80 255 0 45 45 157 0 59 59 298 0 
80 80 98 0 17 17 28 0 80 80 255 0 45 45 157 0 59 59 298 0 
80 80 98 0 17 17 28 0 80 80 255 0 45 45 157 0 59 59 298 0 
80 80 98 0 17 17 28 0 80 80 255 0 45 45 157 0 59 59 298 0 
80 80 98 0 17 17 28 0 80 80 255 0 46 45 164 1 59 59 298 0 
80 80 98 0 17 17 28 0 80 80 255 0 46 46 164 0 59 59 298 0 
81 80 99 1 17 17 28 0 81 80 256 1 46 46 164 0 59 59 298 0 
81 81 99 0 17 17 28 0 81 81 256 0 46 46 164 0 59 59 298 0 
81 81 99 0 17 17 28 0 81 81 256 0 46 46 164 0 59 59 298 0 
81 81 99 0 17 17 28 0 81 81 256 0 46 46 164 0 59 59 298 0 
81 81 99 0 17 17 28 0 81 81 256 0 46 46 164 0 59 59 298 0 
81 81 99 0 17 17 28 0 81 81 256 0 46 46 164 0 59 59 298 0 
81 81 99 0 17 17 28 0 81 81 256 0 46 46 164 0 59 59 298 0 
81 81 99 0 17 17 28 0 81 81 256 0 46 46 164 0 59 59 298 0 
81 81 99 0 18 17 32 1 81 81 256 0 46 46 164 0 59 59 298 0 
81 81 99 0 18 18 32 0 81 81 256 0 46 46 164 0 59 59 298 0 
81 81 99 0 18 18 32 0 81 81 256 0 46 46 164 0 59 59 298 0 
81 81 99 0 18 18 32 0 81 81 256 0 46 46 164 0 59 59 298 0 
81 81 99 0 18 18 32 0 81 81 256 0 46 46 164 0 59 59 298 0 
82 81 100 1 18 18 32 0 82 81 257 1 46 46 164 0 60 59 306 1 
82 82 100 0 18 18 32 0 82 82 257 0 46 46 164 0 60 60 306 0 
82 82 100 0 18 18 32 0 82 82 257 0 46 46 164 0 60 60 306 0 
82 82 100 0 18 18 32 0 82 82 257 0 46 46 164 0 60 60 306 0 
82 82 100 0 18 18 32 0 82 82 257 0 46 46 164 0 60 60 306 0 
82 82 100 0 18 18 32 0 82 82 257 0 46 46 164 0 60 60 306 0 
82 82 100 0 18 18 32 0 82 82 257 0 46 46 164 0 60 60 306 0 
82 82 100 0 18 18 32 0 82 82 257 0 46 46 164 0 60 60 306 0 
82 82 100 0 18 18 32 0 82 82 257 0 46 46 164 0 60 60 306 0 
82 82 100 0 18 18 32 0 82 82 257 0 47 46 174 1 60 60 306 0 
82 82 100 0 18 18 32 0 82 82 257 0 47 47 174 0 60 60 306 0 
82 82 100 0 18 18 32 0 82 82 257 0 47 47 174 0 60 60 306 0 
82 82 100 0 18 18 32 0 82 82 257 0 47 47 174 0 60 60 306 0 
83 82 102 1 18 18 32 0 83 82 263 1 47 47 174 0 60 60 306 0 
83 83 102 0 18 18 32 0 83 83 263 0 47 47 174 0 60 60 306 0 
83 83 102 0 18 18 32 0 83 83 263 0 47 47 174 0 60 60 306 0 
83 83 102 0 18 18 32 0 83 83 263 0 47 47 174 0 60 60 306 0 
83 83 102 0 18 18 32 0 83 83 263 0 47 47 174 0 60 60 306 0 
83 83 102 0 18 18 32 0 83 83 263 0 47 47 174 0 60 60 306 0 
83 83 102 0 18 18 32 0 83 83 263 0 47 47 174 0 60 60 306 0 
83 83 102 0 18 18 32 0 83 83 263 0 47 47 174 0 60 60 306 0 
83 83 102 0 18 18 32 0 83 83 263 0 47 47 174 0 61 60 307 1 
83 83 102 0 18 18 32 0 83 83 263 0 47 47 174 0 61 61 307 0 
83 83 102 0 18 18 32 0 83 83 263 0 47 47 174 0 61 61 307 0 
83 83 102 0 18 18 32 0 83 83 263 0 47 47 174 0 61 61 307 0 
83 83 102 0 18 18 32 0 83 83 263 0 47 47 174 0 61 61 307 0 
83 83 102 0 18 18 32 0 83 83 263 0 47 47 174 0 61 61 307 0 
84 83 103 1 18 18 32 0 84 83 267 1 48 47 181 1 61 61 307 0 
84 84 103 0 18 18 32 0 84 84 267 0 48 48 181 0 61 61 307 0 
84 84 103 0 18 18 32 0 84 84 267 0 48 48 181 0 61 61 307 0 
84 84 103 0 18 18 32 0 84 84 267 0 48 48 181 0 61 61 307 0 
84 84 103 0 18 18 32 0 84 84 267 0 48 48 181 0 61 61 307 0 
84 84 103 0 18 18 32 0 84 84 267 0 48 48 181 0 61 61 307 0 
84 84 103 0 18 18 32 0 84 84 267 0 48 48 181 0 61 61 307 0 
84 84 103 0 18 18 32 0 84 84 267 0 48 48 181 0 61 61 307 0 
84 84 103 0 18 18 32 0 84 84 267 0 48 48 181 0 61 61 307 0 
84 84 103 0 18 18 32 0 84 84 267 0 48 48 181 0 61 61 307 0 
84 84 103 0 18 18 32 0 84 84 267 0 48 48 181 0 61 61 307 0 
84 84 103 0 19 18 35 1 84 84 267 0 48 48 181 0 61 61 307 0 
85 84 104 1 19 19 35 0 85 84 270 1 48 48 181 0 61 61 307 0 
85 85 104 0 19 19 35 0 85 85 270 0 48 48 181 0 61 61 307 0 
85 85 104 0 19 19 35 0 85 85 270 0 48 48 181 0 61 61 307 0 
85 85 104 0 19 19 35 0 85 85 270 0 48 48 181 0 62 61 312 1 
85 85 104 0 19 19 35 0 85 85 270 0 48 48 181 0 62 62 312 0 
85 85 104 0 19 19 35 0 85 85 270 0 48 48 181 0 62 62 312 0 
85 85 104 0 19 19 35 0 85 85 270 0 48 48 181 0 62 62 312 0 
85 85 104 0 19 19 35 0 85 85 270 0 48 48 181 0 62 62 312 0 
85 85 104 0 19 19 35 0 85 85 270 0 48 48 181 0 62 62 312 0 
85 85 104 0 19 19 35 0 85 85 270 0 48 48 181 0 62 62 312 0 
85 85 104 0 19 19 35 0 85 85 270 0 48 48 181 0 62 62 312 0 
86 85 105 1 19 19 35 0 86 85 272 1 48 48 181 0 62 62 312 0 
86 86 105 0 19 19 35 0 86 86 272 0 49 48 182 1 62 62 312 0 
86 86 105 0 19 19 35 0 86 86 272 0 49 49 182 0 62 62 312 0 
86 86 105 0 19 19 35 0 86 86 272 0 49 49 182 0 62 62 312 0 
86 86 105 0 19 19 35 0 86 86 272 0 49 49 182 0 62 62 312 0 
86 86 105 0 19 19 35 0 86 86 272 0 49 49 182 0 62 62 312 0 
86 86 105 0 19 19 35 0 86 86 272 0 49 49 182 0 62 62 312 0 
86 86 105 0 19 19 35 0 86 86 272 0 49 49 182 0 62 62 312 0 
86 86 105 0 19 19 35 0 86 86 272 0 49 49 182 0 62 62 312 0 
86 86 105 0 19 19 35 0 86 86 272 0 49 49 182 0 63 62 313 1 
86 86 105 0 19 19 35 0 86 86 272 0 49 49 182 0 63 63 313 0 
86 86 105 0 19 19 35 0 86 86 272 0 49 49 182 0 63 63 313 0 
86 86 105 0 19 19 35 0 86 86 272 0 49 49 182 0 63 63 313 0 
86 86 105 0 19 19 35 0 86 86 272 0 50 49 191 1 63 63 313 0 
86 86 105 0 19 19 35 0 86 86 272 0 50 50 191 0 63 63 313 0 
86 86 105 0 19 19 35 0 86 86 272 0 50 50 191 0 63 63 313 0 
86 86 105 0 19 19 35 0 86 86 272 0 50 50 191 0 63 63 313 0 

