interupt_cycles proc_cycles interrupts.size() processes.size()
0 1 0 1 0 0
0 2 0 1 0 0
0 3 0 1 0 0
0 4 0 2 0 0
0 5 0 2 0 0
0 6 0 2 0 0
0 7 0 2 0 0
0 8 0 2 0 0
0 9 0 2 0 0
0 10 0 2 0 0
0 11 0 2 0 0
0 12 0 2 0 0
1 12 1 2 2 1
2 12 0 2 2 2
2 13 0 2 2 2
2 14 0 3 2 2
2 15 0 3 2 2
2 16 0 3 2 2
3 16 1 4 3 2
4 16 0 4 3 3
5 16 2 4 5 3
6 16 1 4 5 4
7 16 1 4 5 4
8 16 2 4 6 4
9 16 2 4 6 4
10 16 2 4 6 4
11 16 2 4 6 4
12 16 1 4 6 5
13 16 0 4 6 6
13 17 0 4 6 6
13 18 0 4 6 6
13 19 0 4 6 6
13 20 0 4 6 6
14 20 1 4 7 6
15 20 3 4 9 6
16 20 3 4 9 6
17 20 3 4 9 6
18 20 3 4 9 6
19 20 3 5 9 6
20 20 3 5 9 6
21 20 5 5 11 6
22 20 5 5 11 6
23 20 5 5 11 6
24 20 5 5 12 7
25 20 5 5 12 7
26 20 4 5 12 8
27 20 4 5 12 8
28 20 4 5 12 8
29 20 4 5 12 8
30 20 4 5 12 8
31 20 4 5 12 8
32 20 6 5 14 8
33 20 5 6 14 9
34 20 5 6 15 10
35 20 6 6 16 10
36 20 5 6 16 11
37 20 5 6 16 11
38 20 5 6 16 11
39 20 5 6 16 11
40 20 5 6 16 11
41 20 5 6 16 11
42 20 5 6 16 11
43 20 5 6 16 11
44 20 5 6 16 11
45 20 4 6 16 12
46 20 3 6 16 13
47 20 3 6 16 13
48 20 3 6 16 13
49 20 3 6 17 14
50 20 5 6 20 15
51 20 4 6 20 16
52 20 4 6 20 16
53 20 4 6 20 16
54 20 4 7 20 16
55 20 4 7 20 16
56 20 4 7 20 16
57 20 4 7 20 16
58 20 3 7 20 17
59 20 5 7 22 17
60 20 5 8 22 17
61 20 4 8 22 18
62 20 4 8 22 18
63 20 4 8 22 18
64 20 4 8 22 18
65 20 6 9 24 18
66 20 8 9 26 18
67 20 8 10 26 18
68 20 8 10 26 18
69 20 8 10 26 18
70 20 7 10 26 19
71 20 7 10 26 19
72 20 6 10 26 20
73 20 6 10 26 20
74 20 5 10 26 21
75 20 5 10 26 21
76 20 7 10 28 21
77 20 7 10 28 21
78 20 7 10 28 21
79 20 7 10 28 21
80 20 6 10 28 22
81 20 6 10 28 22
82 20 5 11 28 23
83 20 6 11 29 23
84 20 6 11 29 23
85 20 8 12 31 23
86 20 8 12 31 23
87 20 8 12 31 23
88 20 7 12 31 24
89 20 7 12 31 24
90 20 7 13 31 24
91 20 10 13 35 24
92 20 10 13 35 24
93 20 9 13 35 25
94 20 9 13 35 25
95 20 9 13 35 25
96 20 10 13 37 25
97 20 10 13 37 25
98 20 10 13 37 25
99 20 10 14 37 25
100 20 10 14 37 25
101 20 10 15 37 25
102 20 9 16 38 26
103 20 8 16 38 27
104 20 7 16 38 28
105 20 7 16 38 28
106 20 7 16 38 28
107 20 7 17 38 28
108 20 9 17 40 28
109 20 9 17 40 28
110 20 8 17 40 29
111 20 7 17 40 30
112 20 6 18 40 31
113 20 5 18 40 32
114 20 4 18 40 33
115 20 4 18 40 33
116 20 4 18 41 34
117 20 5 18 43 35
118 20 5 18 43 35
119 20 4 18 43 36
120 20 4 18 43 36
121 20 4 18 43 36
122 20 5 18 44 36
123 20 5 18 44 36
124 20 5 18 44 36
125 20 5 18 44 36
126 20 4 18 44 37
127 20 4 18 44 37
128 20 4 18 44 37
129 20 4 18 44 37
130 20 4 18 44 37
131 20 3 18 44 38
132 20 4 18 46 39
133 20 3 18 46 40
134 20 3 18 46 40
135 20 3 18 46 40
136 20 3 18 46 40
137 20 4 18 47 40
138 20 4 18 47 40
139 20 5 18 48 40
140 20 4 18 48 41
141 20 3 18 48 42
142 20 3 18 48 42
143 20 4 18 50 43
144 20 4 18 50 43
145 20 4 18 50 43
146 20 4 18 50 43
147 20 4 18 50 43
148 20 4 18 50 43
149 20 4 18 50 43
150 20 6 18 52 43
151 20 6 18 52 43
152 20 7 18 53 43
153 20 6 18 53 44
154 20 6 18 53 44
155 20 7 18 54 44
156 20 7 19 54 44
157 20 9 20 56 44
158 20 9 20 56 44
159 20 9 20 56 44
160 20 9 20 56 44
161 20 9 20 57 45
162 20 8 20 57 46
163 20 8 21 57 46
164 20 8 21 57 46
165 20 10 21 59 46
166 20 9 21 59 47
167 20 8 21 59 48
168 20 7 21 59 49
169 20 9 21 61 49
170 20 8 21 61 50
171 20 8 21 61 50
172 20 8 22 61 50
173 20 7 22 61 51
174 20 8 22 63 52
175 20 7 23 63 53
176 20 7 23 63 53
177 20 6 23 63 54
178 20 6 24 64 55
179 20 6 24 64 55
180 20 6 24 64 55
181 20 5 24 64 56
182 20 5 25 65 57
183 20 4 25 65 58
184 20 3 25 65 59
185 20 3 25 65 59
186 20 3 25 65 59
187 20 4 25 67 60
188 20 3 26 67 61
189 20 2 27 67 62
190 20 1 27 67 63
191 20 0 27 67 64
191 21 0 27 67 64
191 22 0 27 67 64
191 23 0 27 67 64
191 24 0 27 67 64
191 25 0 28 67 64
192 25 1 28 68 64
193 25 0 28 68 65
194 25 1 28 70 66
195 25 0 28 70 67
195 26 0 27 70 67
195 27 0 27 70 67
196 27 1 27 71 67
197 27 0 27 71 68
197 28 0 27 71 68
197 29 0 27 71 68
197 30 0 27 71 68
197 31 0 27 71 68
197 32 0 28 71 68
197 33 0 29 71 68
197 34 0 29 71 68
198 34 0 29 72 69
199 34 1 29 73 69
200 34 0 30 73 70
201 34 1 30 75 71
202 34 1 30 75 71
203 34 1 30 75 71
204 34 0 30 75 72
205 34 1 30 76 72
206 34 1 30 76 72
207 34 1 30 76 72
208 34 1 30 76 72
209 34 0 30 76 73
209 35 0 29 76 73
209 36 0 30 76 73
209 37 0 30 76 73
209 38 0 30 76 73
209 39 0 30 76 73
209 40 0 30 76 73
210 40 1 30 78 74
211 40 2 30 79 74
212 40 1 30 79 75
213 40 2 30 80 75
214 40 2 30 80 75
215 40 2 30 80 75
216 40 1 30 80 76
217 40 1 30 80 76
218 40 0 30 80 77
218 41 0 30 80 77
219 41 1 30 82 78
220 41 0 31 82 79
220 42 0 31 82 79
221 42 1 31 83 79
222 42 2 31 84 79
223 42 2 31 84 79
224 42 1 31 84 80
225 42 1 31 84 80
226 42 1 31 84 80
227 42 1 31 85 81
228 42 1 31 85 81
229 42 1 31 85 81
230 42 0 31 85 82
231 42 2 31 87 82
232 42 1 31 87 83
233 42 1 31 87 83
234 42 2 31 88 83
235 42 2 31 88 83
236 42 2 31 88 83
237 42 3 32 89 83
238 42 2 32 89 84
239 42 3 32 91 85
240 42 3 32 91 85
241 42 3 32 91 85
242 42 2 32 91 86
243 42 1 32 91 87
244 42 0 33 91 88
244 43 0 33 91 88
244 44 0 33 91 88
244 45 0 33 91 88
244 46 0 33 91 88
244 47 0 33 91 88
244 48 0 33 91 88
245 48 1 33 92 88
246 48 3 33 94 88
247 48 3 33 94 88
248 48 3 33 94 88
249 48 4 33 95 88
250 48 4 33 95 88
251 48 4 33 95 88
252 48 4 33 95 88
253 48 4 34 95 88
254 48 4 34 95 88
255 48 3 34 95 89
256 48 4 34 96 89
257 48 3 34 96 90
258 48 3 34 96 90
259 48 5 35 98 90
260 48 5 35 98 90
261 48 5 36 98 90
262 48 5 36 98 90
263 48 5 36 98 90
264 48 4 36 98 91
265 48 4 36 98 91
266 48 6 36 100 91
267 48 5 36 100 92
268 48 5 37 100 92
269 48 6 37 101 92
270 48 5 37 101 93
271 48 4 37 101 94
272 48 4 37 101 94
273 48 4 37 101 94
274 48 3 37 101 95
275 48 5 37 103 95
276 48 4 37 103 96
277 48 3 37 103 97
278 48 3 37 103 97
279 48 3 37 103 97
280 48 3 37 103 97
281 48 3 37 103 97
282 48 3 37 103 97
283 48 4 37 104 97
284 48 4 37 104 97
285 48 3 37 104 98
286 48 2 37 104 99
287 48 1 37 104 100
288 48 1 37 105 101
289 48 1 37 105 101
290 48 1 37 105 101
291 48 1 37 105 101
292 48 1 37 105 101
293 48 1 37 105 101
294 48 3 37 107 101
295 48 3 37 107 101
296 48 3 37 107 101
297 48 2 37 107 102
298 48 2 37 107 102
299 48 2 37 108 103
300 48 2 37 108 103
301 48 2 37 108 103
302 48 2 37 108 103
303 48 2 37 108 103
304 48 3 37 109 103
305 48 2 38 109 104
306 48 4 38 111 104
307 48 4 38 111 104
308 48 4 38 111 104
309 48 4 38 111 104
310 48 4 38 111 104
311 48 4 38 111 104
312 48 5 38 112 104
313 48 5 38 112 104
314 48 5 38 112 104
315 48 5 38 112 104
316 48 6 38 114 105
317 48 6 38 114 105
318 48 6 38 114 105
319 48 6 38 114 105
320 48 6 38 114 105
321 48 6 38 114 105
322 48 6 38 115 106
323 48 5 38 115 107
324 48 5 38 115 107
325 48 5 38 115 107
326 48 5 39 115 107
327 48 6 39 116 107
328 48 5 39 116 108
329 48 5 39 116 108
330 48 6 39 118 109
331 48 6 39 119 110
332 48 6 39 119 110
333 48 6 39 119 110
334 48 6 39 119 110
335 48 6 39 119 110
336 48 5 39 119 111
337 48 4 39 119 112
338 48 4 39 119 112
339 48 4 39 119 112
340 48 6 39 121 112
341 48 6 39 121 112
342 48 6 39 121 112
343 48 5 39 121 113
344 48 5 39 121 113
345 48 4 39 121 114
346 48 5 39 122 114
347 48 5 39 122 114
348 48 6 39 123 114
349 48 6 40 123 114
350 48 6 40 123 114
351 48 6 40 123 114
352 48 5 40 123 115
353 48 4 40 123 116
354 48 3 40 123 117
355 48 5 40 125 117
356 48 5 40 125 117
357 48 4 40 125 118
358 48 3 40 125 119
359 48 2 40 125 120
360 48 1 40 125 121
361 48 1 40 125 121
362 48 1 40 125 121
363 48 0 40 125 122
363 49 0 40 125 122
364 49 1 40 126 122
365 49 4 40 129 122
366 49 4 40 129 122
367 49 3 40 129 123
368 49 2 40 129 124
369 49 2 40 129 124
370 49 2 40 129 124
371 49 2 40 129 124
372 49 2 40 129 124
373 49 1 40 129 125
374 49 1 40 129 125
375 49 1 40 129 125
376 49 1 40 129 125
377 49 2 41 130 125
378 49 2 41 130 125
379 49 2 41 130 125
380 49 2 41 130 125
381 49 4 41 132 125
382 49 4 41 133 126
383 49 5 41 134 126
384 49 4 41 134 127
385 49 3 41 134 128
386 49 2 41 134 129
387 49 1 41 134 130
388 49 1 41 134 130
389 49 1 41 134 130
390 49 1 41 134 130
391 49 3 41 136 130
392 49 3 41 136 130
393 49 3 41 136 130
394 49 4 41 137 130
395 49 4 41 137 130
396 49 4 41 137 130
397 49 4 41 137 130
398 49 4 41 137 130
399 49 4 41 137 130
400 49 4 41 137 130
401 49 3 41 137 131
402 49 4 42 139 132
403 49 3 42 139 133
404 49 2 42 139 134
405 49 1 42 139 135
406 49 2 42 140 135
407 49 2 42 140 135
408 49 2 42 140 135
409 49 1 42 140 136
410 49 0 42 140 137
410 50 0 42 140 137
410 51 0 42 140 137
411 51 0 42 141 138
411 52 0 42 141 138
411 53 0 43 141 138
411 54 0 43 141 138
411 55 0 43 141 138
412 55 1 43 143 139
413 55 0 43 143 140
413 56 0 43 143 140
413 57 0 43 143 140
413 58 0 43 143 140
413 59 0 43 143 140
413 60 0 43 143 140
413 61 0 44 143 140
413 62 0 45 143 140
413 63 0 45 143 140
414 63 0 45 144 141
414 64 0 45 144 141
415 64 1 45 145 141
416 64 1 45 145 141
417 64 2 45 146 141
418 64 1 45 146 142
419 64 0 45 146 143
419 65 0 45 146 143
419 66 0 45 146 143
419 67 0 45 146 143
420 67 1 45 148 144
421 67 1 45 148 144
422 67 1 45 148 144
423 67 2 45 149 144
424 67 1 46 149 145
425 67 1 46 149 145
426 67 0 46 149 146
426 68 0 46 149 146
426 69 0 46 149 146
426 70 0 46 149 146
426 71 0 46 149 146
427 71 1 46 150 146
428 71 1 46 150 146
429 71 2 46 152 147
430 71 1 46 152 148
431 71 1 46 152 148
432 71 0 46 152 149
433 71 0 46 153 150
433 72 0 46 153 150
433 73 0 46 153 150
434 73 1 46 155 151
435 73 1 46 155 151
436 73 1 46 155 151
437 73 1 46 155 151
438 73 0 46 155 152
438 74 0 46 155 152
438 75 0 46 155 152
438 76 0 46 155 152
438 77 0 46 155 152
439 77 0 46 156 153
440 77 1 46 158 154
441 77 1 46 159 155
442 77 0 46 159 156
442 78 0 46 159 156
442 79 0 46 159 156
443 79 1 46 160 156
444 79 1 46 160 156
445 79 1 46 160 156
446 79 1 46 160 156
447 79 1 46 160 156
448 79 1 46 160 156
449 79 1 46 160 156
450 79 2 46 161 156
451 79 2 46 161 156
452 79 2 46 161 156
453 79 1 46 161 157
454 79 0 46 161 158
454 80 0 46 161 158
455 80 2 46 163 158
456 80 1 46 163 159
457 80 2 46 164 159
458 80 2 46 164 159
459 80 3 46 165 159
460 80 3 46 165 159
461 80 3 46 165 159
462 80 3 46 165 159
463 80 3 46 165 159
464 80 2 46 165 160
465 80 1 46 165 161
466 80 1 46 165 161
467 80 1 47 165 161
468 80 3 48 167 161
469 80 3 48 167 161
470 80 2 48 167 162
471 80 2 49 167 162
472 80 2 49 167 162
473 80 1 49 167 163
474 80 1 49 167 163
475 80 1 49 167 163
476 80 1 49 167 163
477 80 1 49 167 163
478 80 1 49 167 163
479 80 3 49 169 163
480 80 3 49 169 163
481 80 4 49 170 163
482 80 5 49 171 163
483 80 5 50 171 163
484 80 4 50 171 164
485 80 3 50 171 165
486 80 2 50 171 166
487 80 1 51 171 167
488 80 0 51 171 168
488 81 0 51 171 168
488 82 0 51 171 168
488 83 0 51 171 168
488 84 0 51 171 168
488 85 0 51 171 168
488 86 0 51 171 168
489 86 1 51 172 168
490 86 3 51 174 168
491 86 4 51 175 168
492 86 4 51 175 168
493 86 4 51 175 168
494 86 4 51 175 168
495 86 4 51 175 168
496 86 3 52 175 169
497 86 2 52 175 170
498 86 2 52 175 170
499 86 3 52 176 170
500 86 2 52 176 171
501 86 1 52 176 172
502 86 0 52 176 173
502 87 0 52 176 173
503 87 1 52 178 174
504 87 1 52 178 174
505 87 0 52 178 175
505 88 0 52 178 175
506 88 1 52 179 175
507 88 0 52 179 176
507 89 0 52 179 176
507 90 0 52 179 176
508 90 0 52 180 177
508 91 0 52 180 177
509 91 1 52 182 178
510 91 1 52 182 178
511 91 1 52 182 178
512 91 1 52 182 178
513 91 0 52 182 179
513 92 0 52 182 179
514 92 1 52 183 179
515 92 1 52 183 179
516 92 1 52 183 179
517 92 1 52 183 179
518 92 1 52 183 179
519 92 2 52 185 180
520 92 2 53 185 180
521 92 1 53 185 181
522 92 1 53 185 181
523 92 1 53 185 181
524 92 1 53 185 181
525 92 2 53 186 181
526 92 2 53 186 181
527 92 1 54 186 182
528 92 1 54 186 182
529 92 1 54 186 182
530 92 1 54 186 182
531 92 0 54 186 183
531 93 0 54 186 183
532 93 2 54 189 184
533 93 2 54 189 184
534 93 1 54 189 185
535 93 1 54 189 185
536 93 1 54 189 185
537 93 1 54 189 185
538 93 1 54 189 185
539 93 1 54 189 185
540 93 1 54 189 185
541 93 2 54 190 185
542 93 1 54 190 186
543 93 1 54 191 187
544 93 1 54 191 187
545 93 1 54 191 187
546 93 1 54 191 187
547 93 3 54 193 187
548 93 2 54 193 188
549 93 1 54 193 189
550 93 0 54 193 190
550 94 0 54 193 190
550 95 0 54 193 190
550 96 0 54 193 190
551 96 0 54 194 191
551 97 0 54 194 191
551 98 0 54 194 191
551 99 0 55 194 191
552 99 1 55 196 192
553 99 1 55 196 192
554 99 1 55 196 192
555 99 3 55 198 192
556 99 3 55 198 192
557 99 2 55 198 193
558 99 3 55 199 193
559 99 2 55 199 194
560 99 2 55 199 194
561 99 2 55 199 194
562 99 2 55 199 194
563 99 4 55 201 194
564 99 4 55 201 194
565 99 4 55 201 194
566 99 3 55 201 195
567 99 4 55 202 195
568 99 4 55 202 195
569 99 4 55 202 195
570 99 4 55 202 195
571 99 4 56 202 195
572 99 4 56 203 196
573 99 4 56 203 196
574 99 3 56 203 197
575 99 3 56 203 197
576 99 3 56 203 197
577 99 5 56 205 197
578 99 5 56 205 197
579 99 5 56 205 197
580 99 4 56 205 198
581 99 3 56 205 199
582 99 3 56 205 199
583 99 3 56 205 199
584 99 3 57 205 199
585 99 4 57 206 199
586 99 6 57 208 199
587 99 6 57 208 199
588 99 6 57 208 199
589 99 6 57 208 199
590 99 5 57 208 200
591 99 5 57 209 201
592 99 4 57 209 202
593 99 3 57 209 203
594 99 2 57 209 204
595 99 2 57 209 204
596 99 2 57 209 204
597 99 2 57 209 204
598 99 3 57 210 204
599 99 3 57 211 205
600 99 3 57 211 205
601 99 3 57 211 205
602 99 5 57 213 205
603 99 5 57 213 205
604 99 6 57 214 205
605 99 6 57 214 205
606 99 6 57 214 205
607 99 6 57 214 205
608 99 6 57 214 205
609 99 6 57 214 205
610 99 6 57 214 205
611 99 5 57 214 206
612 99 6 57 216 207
613 99 6 57 216 207
614 99 6 57 216 207
615 99 6 57 216 207
616 99 6 57 216 207
617 99 5 57 216 208
618 99 5 57 217 209
619 99 5 57 217 209
620 99 6 57 219 210
621 99 6 57 219 210
622 99 7 57 220 210
623 99 7 57 220 210
624 99 7 57 220 210
625 99 9 58 222 210
626 99 9 58 222 210
627 99 9 58 222 210
628 99 9 58 222 210
629 99 8 58 222 211
630 99 7 58 222 212
631 99 7 58 222 212
632 99 7 59 223 213
633 99 9 59 225 213
634 99 8 59 225 214
635 99 8 59 226 215
636 99 7 59 226 216
637 99 7 59 226 216
638 99 7 59 226 216
639 99 8 59 227 216
640 99 8 59 227 216
641 99 8 59 227 216
642 99 8 59 227 216
643 99 8 59 227 216
644 99 8 59 227 216
645 99 8 59 227 216
646 99 8 59 227 216
647 99 8 59 227 216
648 99 8 60 227 216
649 99 10 60 229 216
650 99 9 61 230 217
651 99 8 61 230 218
652 99 8 61 230 218
653 99 8 61 230 218
654 99 7 61 230 219
655 99 9 61 232 219
656 99 8 61 232 220
657 99 7 61 232 221
658 99 7 61 232 221
659 99 7 61 232 221
660 99 6 61 232 222
661 99 6 61 232 222
662 99 8 61 234 222
663 99 9 61 235 222
664 99 9 61 236 223
665 99 9 61 236 223
666 99 9 61 236 223
667 99 9 61 236 223
668 99 9 61 236 223
669 99 9 61 236 223
670 99 9 61 236 223
671 99 9 61 236 223
672 99 9 62 236 223
673 99 9 62 236 223
674 99 10 62 238 223
675 99 9 62 238 224
676 99 9 62 239 225
677 99 9 62 239 225
678 99 9 62 239 225
679 99 9 62 239 225
680 99 8 62 239 226
681 99 7 63 239 227
682 99 7 63 239 227
683 99 6 63 239 228
684 99 6 63 240 229
685 99 7 64 242 230
686 99 7 65 242 230
687 99 7 65 242 230
688 99 7 65 242 230
689 99 7 66 242 230
690 99 8 66 243 230
691 99 8 66 243 230
692 99 8 67 243 230
693 99 8 67 243 230
694 99 7 68 243 231
695 99 6 69 243 232
696 99 5 69 243 233
697 99 6 69 245 234
698 99 7 69 246 234
699 99 7 69 246 234
700 99 7 69 246 234
701 99 7 69 246 234
702 99 7 69 246 234
703 99 7 69 246 234
704 99 7 69 246 234
705 99 7 69 246 234
706 99 6 69 246 235
707 99 5 69 246 236
708 99 5 69 246 236
709 99 5 69 246 236
710 99 4 69 246 237
711 99 4 69 246 237
712 99 6 69 248 237
713 99 6 69 248 237
714 99 7 69 249 237
715 99 8 69 250 237
716 99 7 69 250 238
717 99 6 69 250 239
718 99 5 69 250 240
719 99 5 69 250 240
720 99 5 69 250 240
721 99 5 69 250 240
722 99 5 69 250 240
723 99 8 70 253 240
724 99 7 70 253 241
725 99 6 71 253 242
726 99 6 71 253 242
727 99 6 71 253 242
728 99 6 71 253 242
729 99 5 71 253 243
730 99 5 71 253 243
731 99 5 72 253 243
732 99 5 72 254 244
733 99 6 72 255 244
734 99 5 73 255 245
735 99 5 73 255 245
736 99 4 73 255 246
737 99 5 73 257 247
738 99 5 73 257 247
739 99 5 74 257 247
740 99 5 74 257 247
741 99 5 74 257 247
742 99 5 74 257 247
743 99 5 74 257 247
744 99 5 74 257 247
745 99 4 74 257 248
746 99 5 75 258 248
747 99 5 75 258 248
748 99 5 76 258 248
749 99 4 76 258 249
750 99 4 76 258 249
751 99 4 76 258 249
752 99 3 76 258 250
753 99 2 76 258 251
754 99 1 76 258 252
755 99 1 76 258 252
756 99 4 77 261 252
757 99 4 77 261 252
758 99 4 77 261 252
759 99 4 78 261 252
760 99 3 78 261 253
761 99 3 78 262 254
762 99 3 78 262 254
763 99 3 78 262 254
764 99 2 78 262 255
765 99 2 78 262 255
766 99 2 78 262 255
767 99 2 78 262 255
768 99 2 78 262 255
769 99 3 79 263 255
770 99 5 79 265 255
771 99 4 80 265 256
772 99 5 81 266 256
773 99 5 81 266 256
774 99 5 81 266 256
775 99 5 81 266 256
776 99 5 81 266 256
777 99 5 81 266 256
778 99 5 81 266 256
779 99 4 81 266 257
780 99 3 81 266 258
781 99 2 81 266 259
782 99 3 81 268 260
783 99 4 81 269 260
784 99 4 81 269 260
785 99 6 81 271 260
786 99 5 81 271 261
787 99 4 81 271 262
788 99 3 81 271 263
789 99 2 81 271 264
790 99 1 81 271 265
791 99 1 81 271 265
792 99 2 81 272 265
793 99 1 81 272 266
794 99 1 82 272 266
795 99 1 82 272 266
796 99 3 82 274 266
797 99 2 82 274 267
798 99 1 82 274 268
799 99 1 82 274 268
800 99 1 82 274 268
801 99 3 82 276 268
802 99 3 82 276 268
803 99 2 82 276 269
804 99 2 82 276 269
805 99 2 82 276 269
806 99 4 82 278 269
807 99 4 82 278 269
808 99 3 82 278 270
809 99 2 82 278 271
810 99 1 82 278 272
811 99 0 82 278 273
811 100 0 82 278 273
811 101 0 82 278 273
812 101 1 82 279 273
813 101 3 82 281 273
814 101 3 82 281 273
815 101 3 82 281 273
816 101 3 82 281 273
817 101 3 82 281 273
818 101 3 82 282 274
819 101 2 82 282 275
820 101 3 82 284 276
821 101 3 82 284 276
822 101 3 82 284 276
823 101 3 82 284 276
824 101 3 82 284 276
825 101 3 83 284 276
826 101 3 83 284 276
827 101 2 83 284 277
828 101 2 83 285 278
829 101 1 83 285 279
830 101 1 83 285 279
831 101 1 83 285 279
832 101 1 84 285 279
833 101 3 84 288 280
834 101 2 84 288 281
835 101 1 84 288 282
836 101 1 85 288 282
837 101 1 85 288 282
838 101 1 85 288 282
839 101 1 85 288 282
840 101 1 85 288 282
841 101 1 85 288 282
842 101 2 85 289 282
843 101 1 85 289 283
844 101 1 85 289 283
845 101 1 86 289 283
846 101 3 86 291 283
847 101 3 86 291 283
848 101 3 86 291 283
849 101 3 86 291 283
850 101 3 87 291 283
851 101 3 87 291 283
852 101 3 87 291 283
853 101 2 87 291 284
854 101 3 87 292 284
855 101 2 87 292 285
856 101 2 87 292 285
857 101 2 88 292 285
858 101 2 88 292 285
859 101 2 88 292 285
860 101 5 88 295 285
861 101 4 88 295 286
862 101 3 89 295 287
863 101 2 89 295 288
864 101 2 89 295 288
865 101 2 90 295 288
866 101 2 90 295 288
867 101 1 91 295 289
868 101 1 91 295 289
869 101 1 91 295 289
870 101 1 91 295 289
871 101 2 91 296 289
872 101 4 91 298 289
873 101 4 91 298 289
874 101 3 91 298 290
875 101 4 91 299 290
876 101 4 91 299 290
877 101 3 92 299 291
878 101 2 92 299 292
879 101 2 92 299 292
880 101 2 92 299 292
881 101 1 92 299 293
882 101 1 93 299 293
883 101 3 93 301 293
884 101 4 93 302 293
885 101 4 93 302 293
886 101 3 93 302 294
887 101 2 93 302 295
888 101 2 93 302 295
889 101 1 93 302 296
890 101 0 93 302 297
890 102 0 93 302 297
891 102 0 93 303 298
891 103 0 93 303 298
891 104 0 93 303 298
891 105 0 93 303 298
892 105 1 93 304 298
893 105 1 93 304 298
894 105 1 93 304 298
895 105 1 94 304 298
